-0.04642900079488754,-0.02022300846874714,-0.02598848193883896,0,0,0
-0.04629526287317276,-0.02027478627860546,-0.02609071135520935,0,0,0
-0.046190712600946426,-0.02031811699271202,-0.026137586683034897,0,0,0
-0.046059347689151764,-0.020385917276144028,-0.02611829712986946,0,0,0
-0.04612269997596741,-0.020326005294919014,-0.026049695909023285,0,0,0
-0.046249549835920334,-0.020170018076896667,-0.025986194610595703,0,0,0
-0.04618382453918457,-0.02005261369049549,-0.025978144258260727,0,0,0
-0.04612988978624344,-0.019940359517931938,-0.025987347587943077,0,0,0
-0.04608151316642761,-0.019856516271829605,-0.02592385746538639,0,0,0
-0.046034667640924454,-0.019643887877464294,-0.02582871913909912,0,0,0
-0.04621855914592743,-0.01941523142158985,-0.025638984516263008,0,0,0
-0.04686715453863144,-0.019337860867381096,-0.025252817198634148,0,0,0
-0.04729700833559036,-0.019263245165348053,-0.02506912685930729,0,0,0
-0.04734058678150177,-0.01910555362701416,-0.025068003684282303,0,0,0
-0.04703384265303612,-0.01905045658349991,-0.02513042464852333,0,0,0
-0.04703563079237938,-0.01902245730161667,-0.02533721551299095,0,0,0
-0.04722028225660324,-0.018966855481266975,-0.025430846959352493,0,0,0
-0.04698866605758667,-0.018630435690283775,-0.026012372225522995,0,0,0
-0.04297091066837311,-0.01859140209853649,-0.037095360457897186,0,0,0
-0.025427915155887604,-0.014298787340521812,-0.1020682156085968,0,0,0
-0.011779427528381348,0.006510622799396515,-0.23792804777622223,0,0,0
-0.008154332637786865,0.026671499013900757,-0.3731120824813843,0,0,0
-0.0008349902927875519,0.028679706156253815,-0.4267100393772125,0,0,0
-0.001674264669418335,0.013284033164381981,-0.45412665605545044,0,0,0
-0.011792082339525223,-0.024434572085738182,-0.47116145491600037,0,0,0
-0.024668827652931213,-0.06879951059818268,-0.48378831148147583,0,0,0
-0.03260289132595062,-0.1026192307472229,-0.49004510045051575,0,0,0
-0.020912643522024155,-0.11264963448047638,-0.4822631776332855,0,0,0
0.009930819272994995,-0.09843992441892624,-0.46805375814437866,0,0,0
0.046319473534822464,-0.08391592651605606,-0.456309974193573,0,0,0
0.07647161185741425,-0.07565224170684814,-0.44699639081954956,0,0,0
0.0877113789319992,-0.06864486634731293,-0.44111692905426025,0,0,0
0.0935416966676712,-0.057633720338344574,-0.44045910239219666,0,0,0
0.09388609230518341,-0.0400090366601944,-0.44030582904815674,0,0,0
0.10083900392055511,-0.026585426181554794,-0.4434191882610321,0,0,0
0.1158006489276886,-0.01563924178481102,-0.44628119468688965,0,0,0
0.11968091875314713,-0.02393135242164135,-0.447309285402298,0,0,0
0.11574582010507584,-0.024272669106721878,-0.45230501890182495,0,0,0
0.11674332618713379,-0.023808397352695465,-0.46061840653419495,0,0,0
0.1124650239944458,-0.03454636037349701,-0.46177536249160767,0,0,0
0.0971052497625351,-0.046600162982940674,-0.46304798126220703,0,0,0
0.08327639102935791,-0.052397552877664566,-0.4705374240875244,0,0,0
0.0753578245639801,-0.05493669956922531,-0.474552184343338,0,0,0
0.059229835867881775,-0.05464423820376396,-0.47992953658103943,0,0,0
0.038349103182554245,-0.051976464688777924,-0.4829804599285126,0,0,0
0.012932650744915009,-0.04300668090581894,-0.4840584397315979,0,0,0
-0.0043293870985507965,-0.03615687042474747,-0.48828259110450745,0,0,0
-0.0165378600358963,-0.036732833832502365,-0.49047955870628357,0,0,0
-0.028089040890336037,-0.035633981227874756,-0.4920472204685211,0,0,0
-0.04006281495094299,-0.03074433095753193,-0.49424901604652405,0,0,0
-0.04806772619485855,-0.02476954087615013,-0.495801717042923,0,0,0
-0.05262605473399162,-0.01959773525595665,-0.4947012960910797,0,0,0
-0.054819632321596146,-0.016556430608034134,-0.4943746030330658,0,0,0
-0.05390581116080284,-0.016213078051805496,-0.4929657578468323,0,0,0
-0.05073842778801918,-0.017442576587200165,-0.49222469329833984,0,0,0
-0.043900661170482635,-0.01695786416530609,-0.490283340215683,0,0,0
-0.03222453221678734,-0.017428630962967873,-0.4878816306591034,0,0,0
-0.021503377705812454,-0.01952102966606617,-0.48539236187934875,0,0,0
-0.01437058299779892,-0.01892264001071453,-0.48360440135002136,0,0,0
-0.005528707057237625,-0.016676146537065506,-0.48172685503959656,0,0,0
0.004327576607465744,-0.012750104069709778,-0.48013317584991455,0,0,0
0.013473421335220337,-0.013912313617765903,-0.4811027944087982,0,0,0
0.02479194849729538,-0.018051309511065483,-0.4818252921104431,0,0,0
0.03559596836566925,-0.020143482834100723,-0.48227572441101074,0,0,0
0.04045106843113899,-0.02444564923644066,-0.48389917612075806,0,0,0
0.04554213210940361,-0.030768923461437225,-0.4861079454421997,0,0,0
0.05099700763821602,-0.033127643167972565,-0.4869363009929657,0,0,0
0.05223105847835541,-0.03471357002854347,-0.488261878490448,0,0,0
0.048827920109033585,-0.038972966372966766,-0.4902760088443756,0,0,0
0.04669855907559395,-0.04381716251373291,-0.49259474873542786,0,0,0
0.04610808938741684,-0.04709755629301071,-0.49286842346191406,0,0,0
0.043392181396484375,-0.04693116992712021,-0.49202609062194824,0,0,0
0.04161759093403816,-0.04443797841668129,-0.49258825182914734,0,0,0
0.037826716899871826,-0.04402870684862137,-0.49243369698524475,0,0,0
0.030337758362293243,-0.0451103150844574,-0.49329107999801636,0,0,0
0.024037931114435196,-0.04326927289366722,-0.4931931793689728,0,0,0
0.019926361739635468,-0.03897009417414665,-0.4931352138519287,0,0,0
0.016905877739191055,-0.03466456010937691,-0.4938478171825409,0,0,0
0.013707898557186127,-0.031248293817043304,-0.49441710114479065,0,0,0
0.00978340208530426,-0.027490731328725815,-0.493574321269989,0,0,0
0.00460820272564888,-0.02252962812781334,-0.4944736361503601,0,0,0
0.0008247345685958862,-0.0214859452098608,-0.4941862225532532,0,0,0
-0.0011697039008140564,-0.020695779472589493,-0.4930628538131714,0,0,0
-0.002010297030210495,-0.020229222252964973,-0.49346521496772766,0,0,0
-0.0015769340097904205,-0.020970040932297707,-0.4938540458679199,0,0,0
-0.003074049949645996,-0.021300379186868668,-0.49318912625312805,0,0,0
-0.0030834265053272247,-0.020695341750979424,-0.49320974946022034,0,0,0
0.0005887113511562347,-0.021514518186450005,-0.49386724829673767,0,0,0
0.004322163760662079,-0.020956849679350853,-0.49256810545921326,0,0,0
0.005010705441236496,-0.020130829885601997,-0.49251899123191833,0,0,0
0.007211912423372269,-0.020702704787254333,-0.4941711127758026,0,0,0
0.009911131113767624,-0.023469675332307816,-0.4942157566547394,0,0,0
0.011926569044589996,-0.026569031178951263,-0.49474912881851196,0,0,0
0.014147896319627762,-0.027823565527796745,-0.4944440424442291,0,0,0
0.015492286533117294,-0.02857799455523491,-0.49815070629119873,0,0,0
0.0432296097278595,-0.029530979692935944,-0.5908851027488708,0,0,0
0.12397836148738861,-0.02980850264430046,-0.7894836068153381,0,0,0
0.10154791176319122,-0.022050239145755768,-0.8868592381477356,0,0,0
0.029637087136507034,-0.014218807220458984,-0.9130401015281677,0,0,0
-0.0009430088102817535,-0.003946069628000259,-0.934860110282898,0,0,0
0.015273772180080414,-0.003301813267171383,-0.964544415473938,0,0,0
0.04806697741150856,-0.014653139747679234,-0.9907295107841492,0,0,0
0.07535390555858612,-0.027821127325296402,-1.0100551843643188,0,0,0
0.09417547285556793,-0.03913034126162529,-1.023625135421753,0,0,0
0.10635857284069061,-0.04331424832344055,-1.030683159828186,0,0,0
0.11012164503335953,-0.04027386009693146,-1.033498764038086,0,0,0
0.10697400569915771,-0.034313544631004333,-1.0337110757827759,0,0,0
0.09980981051921844,-0.027628447860479355,-1.0315550565719604,0,0,0
0.09301018714904785,-0.022646460682153702,-1.0271878242492676,0,0,0
0.08556607365608215,-0.021724659949541092,-1.020517349243164,0,0,0
0.0726224035024643,-0.023335063830018044,-1.0125051736831665,0,0,0
0.0553971566259861,-0.022692561149597168,-1.0043185949325562,0,0,0
0.042943306267261505,-0.0211451668292284,-0.9989038705825806,0,0,0
0.035926882177591324,-0.017920076847076416,-0.9938704967498779,0,0,0
0.033120397478342056,-0.017151862382888794,-0.9899597764015198,0,0,0
0.03179416432976723,-0.01701114885509014,-0.9862585067749023,0,0,0
0.029152322560548782,-0.015251651406288147,-0.9853764176368713,0,0,0
0.02697741612792015,-0.01017821580171585,-0.9852558374404907,0,0,0
0.025469206273555756,-0.00929699931293726,-0.9876274466514587,0,0,0
0.025936391204595566,-0.014329695142805576,-0.988003671169281,0,0,0
0.03178089112043381,-0.02149900421500206,-0.988304615020752,0,0,0
0.03762631118297577,-0.02491983398795128,-0.9899834990501404,0,0,0
0.040494292974472046,-0.024908915162086487,-0.9919714331626892,0,0,0
0.042874351143836975,-0.02545635588467121,-0.9932788014411926,0,0,0
0.04531656950712204,-0.027983438223600388,-0.9954013824462891,0,0,0
0.046913664788007736,-0.029455434530973434,-0.9972115159034729,0,0,0
0.04724842309951782,-0.02971840649843216,-0.9991987943649292,0,0,0
0.04659613221883774,-0.032991960644721985,-1.0008189678192139,0,0,0
0.04684516042470932,-0.03431618586182594,-1.0000874996185303,0,0,0
0.05004379153251648,-0.03002399392426014,-0.9994997978210449,0,0,0
0.048583801835775375,-0.02632632851600647,-0.9993700981140137,0,0,0
0.044567614793777466,-0.024771707132458687,-0.9983984231948853,0,0,0
0.038957830518484116,-0.023030169308185577,-0.9966098666191101,0,0,0
0.03659519553184509,-0.023163937032222748,-0.9933872818946838,0,0,0
0.039434753358364105,-0.026860907673835754,-0.9921672940254211,0,0,0
0.03900176286697388,-0.027891457080841064,-0.9921296238899231,0,0,0
0.037033215165138245,-0.0277264267206192,-0.9932997822761536,0,0,0
0.035874322056770325,-0.02729872800409794,-0.9937281608581543,0,0,0
0.03316714987158775,-0.024263929575681686,-0.9924570918083191,0,0,0
0.030132625252008438,-0.017588339745998383,-0.9917222261428833,0,0,0
0.03003697097301483,-0.013485632836818695,-0.9933283925056458,0,0,0
0.030104707926511765,-0.008631926029920578,-0.994301438331604,0,0,0
0.027342941612005234,-0.0037520388141274452,-0.9947325587272644,0,0,0
0.025939684361219406,-0.0024696867913007736,-0.9964576959609985,0,0,0
0.025259345769882202,-0.0006529446691274643,-0.996033787727356,0,0,0
0.0273248590528965,-0.0019321423023939133,-0.9974619150161743,0,0,0
0.03192129358649254,-0.005853915587067604,-1.0000797510147095,0,0,0
0.03358497470617294,-0.009122660383582115,-0.9990965723991394,0,0,0
0.03236718475818634,-0.011171862483024597,-0.9987822771072388,0,0,0
0.033341873437166214,-0.014184964820742607,-0.9990425109863281,0,0,0
0.035877592861652374,-0.01523413322865963,-0.9989424347877502,0,0,0
0.03516324236989021,-0.0143433827906847,-0.9978837966918945,0,0,0
0.0321764312684536,-0.013053198345005512,-0.9989250898361206,0,0,0
0.028409749269485474,-0.013247749768197536,-0.998400092124939,0,0,0
0.02532070502638817,-0.012463629245758057,-0.998506486415863,0,0,0
0.024813275784254074,-0.01109408214688301,-0.9998494982719421,0,0,0
0.02407926693558693,-0.007239476777613163,-0.9994236826896667,0,0,0
0.023444849997758865,-0.00244157575070858,-0.9992796778678894,0,0,0
0.02226553112268448,-0.001336619257926941,-0.9990793466567993,0,0,0
0.021392427384853363,-0.0018848739564418793,-1.0010195970535278,0,0,0
0.019251104444265366,-3.565289080142975e-05,-1.0007436275482178,0,0,0
0.017651204019784927,-0.0005533415824174881,-1.0013830661773682,0,0,0
0.018469668924808502,-0.0015048515051603317,-1.0012493133544922,0,0,0
0.017787612974643707,-0.0015270039439201355,-0.9998517632484436,0,0,0
0.016669634729623795,3.720633685588837e-05,-1.0000598430633545,0,0,0
0.018291309475898743,0.00130523182451725,-1.0024657249450684,0,0,0
0.02019118145108223,0.0017800722271203995,-1.001862645149231,0,0,0
0.02066807821393013,0.0022620633244514465,-1.001711368560791,0,0,0
0.019132405519485474,0.0012067947536706924,-1.0016956329345703,0,0,0
0.018665209412574768,0.001253543421626091,-1.001973032951355,0,0,0
0.020594637840986252,0.0019879117608070374,-1.002176284790039,0,0,0
0.020427953451871872,0.00428268127143383,-1.000580906867981,0,0,0
0.01872413232922554,0.006002530455589294,-0.9999614357948303,0,0,0
0.016897648572921753,0.008851300925016403,-0.9995853304862976,0,0,0
0.01395219936966896,0.011222992092370987,-0.9984800219535828,0,0,0
0.00872517004609108,0.011818429455161095,-0.9998975396156311,0,0,0
0.005272164940834045,0.010784829035401344,-0.9993288516998291,0,0,0
0.003205288201570511,0.007315780967473984,-0.9982430338859558,0,0,0
0.004507426172494888,0.004634125158190727,-0.9994054436683655,0,0,0
0.00793052464723587,-7.175281643867493e-05,-1.0005041360855103,0,0,0
0.010446310043334961,-0.005018416792154312,-1.0003570318222046,0,0,0
0.01208442822098732,-0.005890209227800369,-1.001262903213501,0,0,0
0.013505663722753525,-0.004242599010467529,-1.0014532804489136,0,0,0
0.014210451394319534,-0.0006496533751487732,-0.9994741678237915,0,0,0
0.011609572917222977,0.004706136882305145,-0.9962474703788757,0,0,0
0.03493957594037056,0.005224090069532394,-0.9978324770927429,0,0,0
0.16969618201255798,0.005216764286160469,-0.9979933500289917,0,0,0
0.29945388436317444,0.0003692060708999634,-0.9979044198989868,0,0,0
0.36696404218673706,-0.005025632679462433,-0.9975094199180603,0,0,0
0.40259790420532227,-0.0018199719488620758,-0.9994210004806519,0,0,0
0.4276317059993744,0.0021240301430225372,-1.0037730932235718,0,0,0
0.46325361728668213,0.0008555613458156586,-1.0056241750717163,0,0,0
0.5048559308052063,-0.00783403031527996,-1.0049484968185425,0,0,0
0.5394160151481628,-0.020543096587061882,-1.0049091577529907,0,0,0
0.5627196431159973,-0.03333861008286476,-1.004506230354309,0,0,0
0.5764277577400208,-0.04280652850866318,-1.0040395259857178,0,0,0
0.5823270082473755,-0.04393627494573593,-1.001922607421875,0,0,0
0.5834124088287354,-0.04073408246040344,-0.9997579455375671,0,0,0
0.5797837972640991,-0.033559806644916534,-0.9998915195465088,0,0,0
0.5701667070388794,-0.0244623851031065,-1.0010801553726196,0,0,0
0.5564391016960144,-0.016222981736063957,-1.0002633333206177,0,0,0
0.5432968139648438,-0.010973111726343632,-1.0005978345870972,0,0,0
0.5321741700172424,-0.014230361208319664,-1.003035545349121,0,0,0
0.5200670957565308,-0.023253347724676132,-1.0051372051239014,0,0,0
0.5103793740272522,-0.033806443214416504,-1.007725715637207,0,0,0
0.5044184923171997,-0.04168287292122841,-1.0089360475540161,0,0,0
0.5032210946083069,-0.038414597511291504,-1.0067201852798462,0,0,0
0.5072232484817505,-0.02623545378446579,-1.003636360168457,0,0,0
0.5092875361442566,-0.018909208476543427,-1.003909707069397,0,0,0
0.5053385496139526,-0.011718669906258583,-1.0032424926757812,0,0,0
0.4956917464733124,-0.005460432730615139,-1.0039271116256714,0,0,0
0.4883672893047333,-0.009756574407219887,-1.0080220699310303,0,0,0
0.48656243085861206,-0.016151603311300278,-1.0078035593032837,0,0,0
0.49217724800109863,-0.02241593971848488,-1.0048879384994507,0,0,0
0.5038832426071167,-0.027255382388830185,-1.005126953125,0,0,0
0.5148249864578247,-0.026254000142216682,-1.0025205612182617,0,0,0
0.5172597765922546,-0.017985578626394272,-0.9996610879898071,0,0,0
0.5173959732055664,-0.009964518249034882,-0.9994036555290222,0,0,0
0.5151330828666687,-0.00888869259506464,-1.0014550685882568,0,0,0
0.5149168968200684,-0.00698515959084034,-1.0012089014053345,0,0,0
0.5224361419677734,-0.0039341263473033905,-1.0005505084991455,0,0,0
0.5322521328926086,-0.003711521625518799,-0.9991011619567871,0,0,0
0.5330907106399536,-0.004777817055583,-0.9992298483848572,0,0,0
0.5287439823150635,-0.0061630550771951675,-1.0017502307891846,0,0,0
0.523759663105011,-0.0065300846472382545,-1.0018585920333862,0,0,0
0.5205325484275818,-0.004231523722410202,-1.0020140409469604,0,0,0
0.5186393857002258,-0.0016226638108491898,-1.0024309158325195,0,0,0
0.5174570679664612,-0.0011879932135343552,-1.00242018699646,0,0,0
0.5162116885185242,-0.0005401428788900375,-1.0026065111160278,0,0,0
0.5164544582366943,0.0006157364696264267,-1.0025079250335693,0,0,0
0.5162532925605774,0.0005925744771957397,-1.0026705265045166,0,0,0
0.5161312222480774,0.0007474794983863831,-1.004494071006775,0,0,0
0.5151351094245911,0.0001293867826461792,-1.005544662475586,0,0,0
0.5121731758117676,-0.00035068392753601074,-1.0036625862121582,0,0,0
0.5083603858947754,-0.003455802798271179,-1.001781940460205,0,0,0
0.5072574615478516,-0.00780697725713253,-1.0024547576904297,0,0,0
0.5084601044654846,-0.00953865610063076,-1.0027521848678589,0,0,0
0.5092527866363525,-0.00835534930229187,-1.0030674934387207,0,0,0
0.5090854167938232,-0.00622197613120079,-1.0030083656311035,0,0,0
0.5088163614273071,-0.0020232759416103363,-1.0015754699707031,0,0,0
0.5115765929222107,0.0012464448809623718,-1.0017155408859253,0,0,0
0.5121939182281494,0.002757187932729721,-1.0021759271621704,0,0,0
0.5116923451423645,0.0020415568724274635,-1.0028656721115112,0,0,0
0.5124560594558716,0.0010163001716136932,-1.0036698579788208,0,0,0
0.5139876008033752,-0.0012796279042959213,-1.0049611330032349,0,0,0
0.5123472213745117,-0.011025097221136093,-1.0102139711380005,0,0,0
0.5132123827934265,0.06562799215316772,-1.0081653594970703,0,0,0
0.5220486521720886,0.18341247737407684,-1.0026180744171143,0,0,0
0.5259411334991455,0.26203492283821106,-1.0020861625671387,0,0,0
0.5178359746932983,0.33162766695022583,-1.0027008056640625,0,0,0
0.5070827603340149,0.3985563814640045,-1.0029423236846924,0,0,0
0.499104768037796,0.44325780868530273,-1.0030055046081543,0,0,0
0.49267080426216125,0.4715016186237335,-1.002356767654419,0,0,0
0.49146080017089844,0.49214932322502136,-1.0002790689468384,0,0,0
0.491915762424469,0.5034785866737366,-0.9992576837539673,0,0,0
0.48984670639038086,0.5087445378303528,-0.9988687038421631,0,0,0
0.4856426417827606,0.5110843777656555,-1.0008708238601685,0,0,0
0.4837842881679535,0.5112112164497375,-0.9968549609184265,0,0,0
0.4817868769168854,0.51530921459198,-0.9929563999176025,0,0,0
0.48261624574661255,0.5106895565986633,-0.9943990111351013,0,0,0
0.4861389398574829,0.5061857104301453,-0.9964706897735596,0,0,0
0.49518918991088867,0.49458372592926025,-0.9989326000213623,0,0,0
0.49832823872566223,0.487202525138855,-1.002602458000183,0,0,0
0.49907904863357544,0.4896315932273865,-1.004647135734558,0,0,0
0.5014449954032898,0.4949261248111725,-1.0032798051834106,0,0,0
0.49958181381225586,0.4906693696975708,-1.002047061920166,0,0,0
0.4961763620376587,0.4901878237724304,-1.0021233558654785,0,0,0
0.4979127049446106,0.4893929660320282,-1.0022339820861816,0,0,0
0.5024580955505371,0.4882219731807709,-1.004137635231018,0,0,0
0.5066086649894714,0.4894465506076813,-1.003743290901184,0,0,0
0.5104504823684692,0.4926505386829376,-1.0026240348815918,0,0,0
0.5089291334152222,0.4792233407497406,-1.0048037767410278,0,0,0
0.5024422407150269,0.3537842631340027,-0.9995294809341431,0,0,0
0.4926080107688904,0.23375776410102844,-0.9956539273262024,0,0,0
0.48977309465408325,0.1587488204240799,-0.9975339770317078,0,0,0
0.4948629140853882,0.10966920107603073,-1.0024402141571045,0,0,0
0.5036631226539612,0.07073409110307693,-1.002695918083191,0,0,0
0.5103136897087097,0.030312523245811462,-1.0023804903030396,0,0,0
0.5082939863204956,-0.01715816929936409,-1.0013537406921387,0,0,0
0.5045973062515259,-0.05229031667113304,-1.000377893447876,0,0,0
0.50412517786026,-0.06893560290336609,-0.9982216358184814,0,0,0
0.504302978515625,-0.07696805149316788,-0.9993985295295715,0,0,0
0.506915807723999,-0.08160725980997086,-0.9974637031555176,0,0,0
0.5062676668167114,-0.08297155797481537,-0.9961491227149963,0,0,0
0.5052876472473145,-0.07522530853748322,-0.9981664419174194,0,0,0
0.5047594904899597,-0.06284062564373016,-0.9997000694274902,0,0,0
0.5027294158935547,-0.05089477449655533,-0.9988723993301392,0,0,0
0.5019916892051697,-0.04006125405430794,-0.9979403614997864,0,0,0
0.4994910657405853,-0.03530433028936386,-0.9989014863967896,0,0,0
0.49410098791122437,-0.03037482686340809,-1.00011146068573,0,0,0
0.49093228578567505,-0.021779341623187065,-1.0022414922714233,0,0,0
0.49174076318740845,-0.010506005957722664,-1.0027580261230469,0,0,0
0.4934176802635193,0.0008212216198444366,-1.0007213354110718,0,0,0
0.4949386417865753,0.007915141060948372,-0.9997074007987976,0,0,0
0.49571847915649414,0.011448843404650688,-0.9973887205123901,0,0,0
0.494662344455719,0.008854959160089493,-0.9969127178192139,0,0,0
0.4953336715698242,0.006189955398440361,-0.9960272908210754,0,0,0
0.4949052631855011,0.007621821016073227,-0.9959073662757874,0,0,0
0.4981890916824341,0.011338353157043457,-0.9974370002746582,0,0,0
0.5014481544494629,0.010293805971741676,-0.9986674189567566,0,0,0
0.5039699673652649,0.00837412104010582,-0.9987826347351074,0,0,0
0.5058567523956299,0.00280950590968132,-0.9990832209587097,0,0,0
0.5065599083900452,-0.006299463100731373,-1.0007737874984741,0,0,0
0.5053203105926514,-0.0152707789093256,-1.0004428625106812,0,0,0
0.5045879483222961,-0.01924995146691799,-1.000920295715332,0,0,0
0.5089861154556274,-0.019106512889266014,-1.0027273893356323,0,0,0
0.5118430852890015,-0.014896763488650322,-1.0030503273010254,0,0,0
0.5102793574333191,-0.01359838992357254,-1.0016775131225586,0,0,0
0.5090336203575134,-0.013026678003370762,-1.0019152164459229,0,0,0
0.5082710981369019,-0.009505484253168106,-0.9980769753456116,0,0,0
0.5088480114936829,-0.004688918590545654,-0.9979930520057678,0,0,0
0.5058637857437134,-0.00367116741836071,-0.9985743165016174,0,0,0
0.5006856322288513,-0.005869768559932709,-0.9991577863693237,0,0,0
0.49932435154914856,-0.006120127625763416,-0.9989112019538879,0,0,0
0.4973869323730469,-0.004158498719334602,-0.9975470900535583,0,0,0
0.49258965253829956,-0.0011289436370134354,-0.9969229102134705,0,0,0
0.4889872670173645,0.001937011256814003,-0.9945728778839111,0,0,0
0.49211186170578003,0.010941101238131523,-0.9992166757583618,0,0,0
0.4937053322792053,0.01267516240477562,-0.9986760020256042,0,0,0
0.4968583583831787,0.00807688757777214,-0.9985268712043762,0,0,0
0.5016224384307861,0.0036364980041980743,-0.9995625615119934,0,0,0
0.5008943676948547,-0.000632578507065773,-0.9981975555419922,0,0,0
0.4964653253555298,-0.00427433755248785,-0.998918890953064,0,0,0
0.49213936924934387,-0.0063123200088739395,-1.0003687143325806,0,0,0
0.4908914268016815,-0.006508183665573597,-0.9951893091201782,0,0,0
0.49510568380355835,-0.006947442889213562,-0.9194786548614502,0,0,0
0.500026285648346,-0.008479366078972816,-0.7449412941932678,0,0,0
0.49874502420425415,-0.00710695143789053,-0.5072736144065857,0,0,0
0.4929097294807434,0.0014621708542108536,-0.27172061800956726,0,0,0
0.4848763048648834,0.012322543188929558,-0.02120211347937584,0,0,0
0.5223037600517273,0.09153162688016891,0.01211534533649683,0,0,0
0.5424440503120422,0.18094095587730408,0.01720384694635868,0,0,0
0.5718995332717896,0.264920175075531,-0.006994027644395828,0,0,0
0.5844773054122925,0.3476664423942566,-0.035957492887973785,0,0,0
0.5776681303977966,0.43167951703071594,-0.05549144372344017,0,0,0
0.5528590679168701,0.5158236622810364,-0.06530219316482544,0,0,0
0.5120781064033508,0.6016272902488708,-0.06860779225826263,0,0,0
0.4516833424568176,0.6946369409561157,-0.06769687682390213,0,0,0
0.38053467869758606,0.7822264432907104,-0.06375309824943542,0,0,0
0.2910085916519165,0.875390350818634,-0.05760231241583824,0,0,0
0.18558856844902039,0.9707853198051453,-0.0505652092397213,0,0,0
0.06386596709489822,1.068593978881836,-0.043656788766384125,0,0,0
-0.07448644191026688,1.168925166130066,-0.03750878572463989,0,0,0
-0.22647501528263092,1.269855260848999,-0.0323699526488781,0,0,0
-0.39496636390686035,1.3735871315002441,-0.02867959998548031,0,0,0
-0.5881329774856567,1.4847323894500732,-0.02603587508201599,0,0,0
-0.7863524556159973,1.592212200164795,-0.024437937885522842,0,0,0
-1.0100786685943604,1.7074147462844849,-0.02330305054783821,0,0,0
-1.251340389251709,1.8260997533798218,-0.02248215489089489,0,0,0
-1.5102144479751587,1.948348045349121,-0.021888425573706627,0,0,0
0.0,0.0,-0.0213286355137825,0,0,0
0.0,0.0,-0.020814552903175354,0,0,0
0.0,0.0,-0.02039213851094246,0,0,0
0.0,0.0,-0.020018743351101875,0,0,0
0.0,0.0,-0.019781408831477165,0,0,0
0.0,0.0,-0.019598260521888733,0,0,0
0.0,0.0,-0.019418662413954735,0,0,0
0.0,0.0,-0.019272716715931892,0,0,0
0.0,0.0,-0.019239220768213272,0,0,0
-0.12342661619186401,-0.03471898287534714,-0.018985413014888763,0,0,0
-0.08887322247028351,-0.029082056134939194,-0.019505897536873817,0,0,0
-0.07616841048002243,-0.026006225496530533,-0.020509671419858932,0,0,0
-0.0648169293999672,-0.02624412812292576,-0.02122659422457218,0,0,0
-0.053153567016124725,-0.028434382751584053,-0.021624116227030754,0,0,0
-0.04348044842481613,-0.030945274978876114,-0.02183653600513935,0,0,0
-0.03716272860765457,-0.03278808295726776,-0.021938486024737358,0,0,0
-0.03328591585159302,-0.03400740027427673,-0.0219773817807436,0,0,0
-0.031065547838807106,-0.034780990332365036,-0.022101543843746185,0,0,0
-0.030215604230761528,-0.03498218208551407,-0.02217831276357174,0,0,0
-0.030064456164836884,-0.0349620059132576,-0.02228989452123642,0,0,0
-0.030286690220236778,-0.03498093783855438,-0.022420279681682587,0,0,0
-0.030736349523067474,-0.0349397286772728,-0.022514523938298225,0,0,0
-0.03130248934030533,-0.03475063294172287,-0.022586731240153313,0,0,0
-0.03209416940808296,-0.03453999012708664,-0.022642526775598526,0,0,0
-0.032971061766147614,-0.03443329781293869,-0.02272012270987034,0,0,0
-0.03393406420946121,-0.03429063409566879,-0.022900428622961044,0,0,0
-0.0347752645611763,-0.034153781831264496,-0.023107163608074188,0,0,0
-0.03553149476647377,-0.03404179587960243,-0.023164696991443634,0,0,0
-0.03625127673149109,-0.03388962894678116,-0.023173881694674492,0,0,0
-0.0368160642683506,-0.03379388153553009,-0.023181306198239326,0,0,0
-0.03737019747495651,-0.033669792115688324,-0.023177988827228546,0,0,0
-0.03801049664616585,-0.03356005996465683,-0.02325677126646042,0,0,0
-0.038517147302627563,-0.03350958228111267,-0.023220891132950783,0,0,0
-0.039001137018203735,-0.03352085500955582,-0.023168543353676796,0,0,0
-0.0395200178027153,-0.03353486210107803,-0.02319035492837429,0,0,0
-0.0398547500371933,-0.033470962196588516,-0.023369796574115753,0,0,0
-0.04011399298906326,-0.033435408025979996,-0.023522859439253807,0,0,0
-0.040324389934539795,-0.03338884189724922,-0.02349712885916233,0,0,0
-0.04055298492312431,-0.0334477573633194,-0.02340209111571312,0,0,0
-0.04080376774072647,-0.033526673913002014,-0.023462066426873207,0,0,0
-0.04111575707793236,-0.03342496603727341,-0.02347089909017086,0,0,0
-0.041396141052246094,-0.03333082050085068,-0.023433487862348557,0,0,0
-0.04166250303387642,-0.03330138698220253,-0.023431451991200447,0,0,0
-0.04188026860356331,-0.033239610493183136,-0.023492993786931038,0,0,0
-0.04575226455926895,-0.03248336911201477,-0.02943832240998745,0,0,0
-0.0816352516412735,-0.041353002190589905,-0.2468898743391037,0,0,0
-0.07305775582790375,-0.0683784931898117,-0.6919919848442078,0,0,0
-0.014894004911184311,-0.12849080562591553,-0.9624767899513245,0,0,0
0.036332178860902786,-0.1927245557308197,-1.0901988744735718,0,0,0
0.056681353598833084,-0.18018655478954315,-1.1440972089767456,0,0,0
