-0.03902614116668701,-0.030226293951272964,-0.024479398503899574,0,0,0
-0.039091892540454865,-0.030159812420606613,-0.02457108348608017,0,0,0
-0.03915088623762131,-0.03007384203374386,-0.024660561233758926,0,0,0
-0.03921789675951004,-0.02993171103298664,-0.024772144854068756,0,0,0
-0.0392618328332901,-0.02980632334947586,-0.024851692840456963,0,0,0
-0.03930174559354782,-0.02966954931616783,-0.024929307401180267,0,0,0
-0.03935832530260086,-0.029476206749677658,-0.025030680000782013,0,0,0
-0.03972155600786209,-0.02850278839468956,-0.0254666805267334,0,0,0
-0.03961414098739624,-0.02795402705669403,-0.025518203154206276,0,0,0
-0.03874241188168526,-0.026417018845677376,-0.024642683565616608,0,0,0
-0.037933651357889175,-0.024897482246160507,-0.023548470810055733,0,0,0
-0.03777625039219856,-0.023993665352463722,-0.023167353123426437,0,0,0
-0.03819979727268219,-0.02348143607378006,-0.023420169949531555,0,0,0
-0.03868337720632553,-0.02283424139022827,-0.023763978853821754,0,0,0
-0.03922398015856743,-0.022293876856565475,-0.024178646504878998,0,0,0
-0.03969498351216316,-0.021632885560393333,-0.024137914180755615,0,0,0
-0.04020499438047409,-0.021326720714569092,-0.024034425616264343,0,0,0
-0.040683262050151825,-0.021083133295178413,-0.02409353107213974,0,0,0
-0.04133749008178711,-0.02079778164625168,-0.024288389831781387,0,0,0
-0.04177721589803696,-0.020457115024328232,-0.02427787519991398,0,0,0
-0.04182496294379234,-0.020043572410941124,-0.02400224655866623,0,0,0
-0.04169619828462601,-0.01974290981888771,-0.024008266627788544,0,0,0
-0.041691794991493225,-0.019668303430080414,-0.024249263107776642,0,0,0
-0.0417044535279274,-0.019394565373659134,-0.02452068030834198,0,0,0
-0.04183373600244522,-0.018745869398117065,-0.024644924327731133,0,0,0
-0.04184397682547569,-0.018442172557115555,-0.02457209676504135,0,0,0
-0.041451018303632736,-0.018334362655878067,-0.02408398501574993,0,0,0
-0.04136263579130173,-0.018339090049266815,-0.02387368679046631,0,0,0
-0.042702119797468185,-0.017362019047141075,-0.022819489240646362,0,0,0
-0.046108052134513855,-0.014543844386935234,-0.02081700786948204,0,0,0
-0.04860517382621765,-0.012716596946120262,-0.021183932200074196,0,0,0
-0.049817681312561035,-0.01320062205195427,-0.022982504218816757,0,0,0
-0.05006719380617142,-0.013627893291413784,-0.023718221113085747,0,0,0
-0.04960641264915466,-0.01351210381835699,-0.023376112803816795,0,0,0
-0.049284543842077255,-0.013530473224818707,-0.022899536415934563,0,0,0
-0.04721590504050255,-0.011036427691578865,-0.020709333941340446,0,0,0
-0.04713614284992218,-0.010515324771404266,-0.020017798990011215,0,0,0
-0.046134792268276215,-0.01021338440477848,-0.02468576468527317,0,0,0
-0.024396780878305435,-0.009748036041855812,-0.05996992811560631,0,0,0
0.017600666731595993,-0.011571917682886124,-0.15936395525932312,0,0,0
0.08927887678146362,-0.018368111923336983,-0.34656915068626404,0,0,0
0.1205497533082962,-0.023413337767124176,-0.5487990975379944,0,0,0
0.0560072623193264,-0.025827297940850258,-0.6466211676597595,0,0,0
0.006547670811414719,-0.025945225730538368,-0.6823230385780334,0,0,0
-0.015178147703409195,-0.03184405341744423,-0.6933774948120117,0,0,0
-0.015002530068159103,-0.046642571687698364,-0.6936777830123901,0,0,0
0.003954578191041946,-0.055747732520103455,-0.6907076239585876,0,0,0
0.02807150036096573,-0.05673515796661377,-0.6901071667671204,0,0,0
0.03873523697257042,-0.045515500009059906,-0.6924664974212646,0,0,0
0.04354644939303398,-0.03349420428276062,-0.6976446509361267,0,0,0
0.048378173261880875,-0.02931554615497589,-0.7038083672523499,0,0,0
0.04383932799100876,-0.029451660811901093,-0.7069445848464966,0,0,0
0.021668143570423126,-0.03848275542259216,-0.7090062499046326,0,0,0
0.020311016589403152,-0.02136041782796383,-0.7093544006347656,0,0,0
0.028174877166748047,-0.004288140684366226,-0.709010124206543,0,0,0
0.031904418021440506,0.004857705906033516,-0.7108597755432129,0,0,0
0.02803834155201912,0.004268301650881767,-0.7143657207489014,0,0,0
0.023776613175868988,-0.0005615502595901489,-0.7184503078460693,0,0,0
0.018340833485126495,-0.0060638245195150375,-0.719275951385498,0,0,0
0.013269089162349701,-0.007086301222443581,-0.7193319797515869,0,0,0
0.012966454029083252,-0.009791821241378784,-0.7178080677986145,0,0,0
0.0022426843643188477,-0.0134486248716712,-0.7172240018844604,0,0,0
-0.009897526353597641,-0.01690305396914482,-0.7199164628982544,0,0,0
-0.012478485703468323,-0.016250455752015114,-0.7225157022476196,0,0,0
-0.01549922302365303,-0.013603855855762959,-0.7234712243080139,0,0,0
-0.01569954678416252,-0.010574892163276672,-0.7236590385437012,0,0,0
-0.007394623011350632,-0.009840061888098717,-0.7227067351341248,0,0,0
0.0014035217463970184,-0.010139703750610352,-0.723028838634491,0,0,0
0.006286844611167908,-0.01019216887652874,-0.7241184115409851,0,0,0
0.010046746581792831,-0.004825472831726074,-0.724825382232666,0,0,0
0.00976717472076416,0.000596802681684494,-0.7257314920425415,0,0,0
0.006389264017343521,0.005939990282058716,-0.7261849045753479,0,0,0
0.006997361779212952,0.010009530931711197,-0.7277599573135376,0,0,0
0.011074382811784744,0.006432965397834778,-0.7289139628410339,0,0,0
0.01799941062927246,-0.0004162825644016266,-0.7276711463928223,0,0,0
0.012410242110490799,0.000962497666478157,-0.7246987819671631,0,0,0
0.009966675192117691,-0.006081206724047661,-0.7241932153701782,0,0,0
0.008431714028120041,-0.008463764563202858,-0.7265287637710571,0,0,0
0.007893674075603485,-0.0037764720618724823,-0.730529248714447,0,0,0
0.008527331054210663,0.000912664458155632,-0.734935462474823,0,0,0
0.007930871099233627,-0.00034896284341812134,-0.7363157868385315,0,0,0
0.011632084846496582,-0.0037924405187368393,-0.7353630065917969,0,0,0
0.010233808308839798,-0.011358257383108139,-0.7345316410064697,0,0,0
0.007077835500240326,-0.01030054409056902,-0.731846272945404,0,0,0
0.008079465478658676,-0.010308283381164074,-0.7320597767829895,0,0,0
0.010521814227104187,-0.007688464596867561,-0.7342453598976135,0,0,0
0.011049110442399979,-0.0045655351132154465,-0.7363842725753784,0,0,0
0.00929175689816475,0.004265397787094116,-0.7358610033988953,0,0,0
0.01612904667854309,0.006969433277845383,-0.7827402949333191,0,0,0
0.040721844881772995,0.01446942426264286,-0.8886291980743408,0,0,0
0.056106407195329666,0.013445572927594185,-0.9529910683631897,0,0,0
0.06564000248908997,0.0037062447518110275,-0.9809344410896301,0,0,0
0.07088976353406906,-0.0066875433549284935,-0.9869291186332703,0,0,0
0.0675966888666153,-0.014308353886008263,-0.9839051365852356,0,0,0
0.06054733693599701,-0.012603206560015678,-0.9774863123893738,0,0,0
0.053108446300029755,-0.0102525744587183,-0.9733558893203735,0,0,0
0.04786791279911995,-0.011544834822416306,-0.9742504358291626,0,0,0
0.04553743824362755,-0.015916233882308006,-0.9787256717681885,0,0,0
0.0423043854534626,-0.019506286829710007,-0.9839439988136292,0,0,0
0.038627199828624725,-0.020727578550577164,-0.9899638295173645,0,0,0
0.03592642396688461,-0.026321619749069214,-0.9916245341300964,0,0,0
0.033615533262491226,-0.026555676013231277,-0.9913522601127625,0,0,0
0.02962576597929001,-0.019361017271876335,-0.988541305065155,0,0,0
0.028897125273942947,-0.015901630744338036,-0.9870224595069885,0,0,0
0.032300904393196106,-0.006014322862029076,-0.9869517087936401,0,0,0
0.03468509390950203,0.002978319302201271,-0.9881198406219482,0,0,0
0.037321045994758606,0.0033447109162807465,-0.9895654916763306,0,0,0
0.03780161589384079,0.0011010533198714256,-0.990821123123169,0,0,0
0.03684335947036743,-0.00208367221057415,-0.9918467402458191,0,0,0
0.03461446613073349,-0.005153226666152477,-0.993013322353363,0,0,0
0.029867023229599,-0.0034283753484487534,-0.9954470992088318,0,0,0
0.027082353830337524,-0.006469896528869867,-0.9968251585960388,0,0,0
0.02471274510025978,-0.01104250643402338,-0.9970048069953918,0,0,0
0.018184371292591095,-0.012646092101931572,-0.997114360332489,0,0,0
0.011176425963640213,-0.013613195158541203,-0.9954636096954346,0,0,0
0.01136159896850586,-0.013386310078203678,-0.9925905466079712,0,0,0
0.013089865446090698,-0.015442878007888794,-0.9911068677902222,0,0,0
0.010483473539352417,-0.016982652246952057,-0.9925941228866577,0,0,0
0.020486369729042053,-0.024166176095604897,-0.995673656463623,0,0,0
0.027856748551130295,-0.02934587001800537,-0.9972964525222778,0,0,0
0.02972317859530449,-0.029326949268579483,-0.9980024099349976,0,0,0
0.02811206504702568,-0.018544314429163933,-0.9976288676261902,0,0,0
0.0292854905128479,-0.004604159854352474,-0.9957461357116699,0,0,0
0.03075629100203514,0.0030862893909215927,-0.9933476448059082,0,0,0
0.05009249970316887,0.0025609806180000305,-0.9933774471282959,0,0,0
0.1742722988128662,0.0013410113751888275,-0.988279402256012,0,0,0
0.3060443103313446,-0.002442874014377594,-0.9933606386184692,0,0,0
0.4085744619369507,-0.013192861340939999,-0.9974654316902161,0,0,0
0.48557645082473755,-0.018885986879467964,-0.998392641544342,0,0,0
0.524704098701477,-0.01940212771296501,-0.9971685409545898,0,0,0
0.5306476354598999,-0.015285324305295944,-0.9967848062515259,0,0,0
0.5268594622612,-0.002607131376862526,-0.9956835508346558,0,0,0
0.5122333765029907,0.010481121018528938,-0.9918404817581177,0,0,0
0.5266143083572388,0.002454495057463646,-0.9926632642745972,0,0,0
0.5274722576141357,-0.012363269925117493,-0.9959738254547119,0,0,0
0.5306955575942993,-0.012529797852039337,-0.996282696723938,0,0,0
0.5133657455444336,0.007796907797455788,-0.9967930912971497,0,0,0
0.5120975375175476,0.003222949802875519,-0.9984530210494995,0,0,0
0.5099306702613831,-0.00040372833609580994,-0.9993865489959717,0,0,0
0.5060287714004517,-0.003738934174180031,-0.9998815059661865,0,0,0
0.5024804472923279,-0.00468406081199646,-0.9995031356811523,0,0,0
0.5024993419647217,0.002248162403702736,-1.000028371810913,0,0,0
0.5035063028335571,0.005086105316877365,-1.0013805627822876,0,0,0
0.5185710191726685,0.010674059391021729,-1.0029407739639282,0,0,0
0.5175768733024597,0.016675757244229317,-1.0009722709655762,0,0,0
0.5179203152656555,0.015957042574882507,-0.9980828166007996,0,0,0
0.5033214092254639,0.01303703710436821,-0.9982790350914001,0,0,0
0.4888211786746979,0.015888940542936325,-0.9987191557884216,0,0,0
0.49066728353500366,0.009972972795367241,-0.9987593293190002,0,0,0
0.500036358833313,0.00720241479575634,-1.0004819631576538,0,0,0
0.5083410739898682,0.0052771661430597305,-1.0018984079360962,0,0,0
0.5131384134292603,-0.0009499303996562958,-1.0012431144714355,0,0,0
0.5201477408409119,-0.009947476908564568,-0.998019814491272,0,0,0
0.5244027972221375,-0.013032907620072365,-0.9976564645767212,0,0,0
0.5248714685440063,-0.0033127982169389725,-0.9990784525871277,0,0,0
0.5244717597961426,0.0019382834434509277,-0.9974216818809509,0,0,0
0.5272534489631653,0.0025279801338911057,-0.9978924989700317,0,0,0
0.5248804688453674,0.010919239372015,-0.9970574975013733,0,0,0
0.5234830975532532,0.012907937169075012,-0.9962658882141113,0,0,0
0.5278810858726501,0.009290752932429314,-0.9985112547874451,0,0,0
0.529293954372406,0.006153324618935585,-0.9996749758720398,0,0,0
0.5266865491867065,0.010931365191936493,-1.0012458562850952,0,0,0
0.5242868661880493,0.011562969535589218,-0.9994690418243408,0,0,0
0.5199037194252014,0.013540636748075485,-0.9983668327331543,0,0,0
0.5129907727241516,0.01890549436211586,-0.9981039762496948,0,0,0
0.5044635534286499,0.021876294165849686,-0.998054027557373,0,0,0
0.4967857599258423,0.020638812333345413,-1.0013530254364014,0,0,0
0.4908028542995453,0.015666086226701736,-1.001699686050415,0,0,0
0.4946752190589905,0.011490758508443832,-0.9993327856063843,0,0,0
0.5028284192085266,0.0144069604575634,-0.9988590478897095,0,0,0
0.5062372088432312,0.018905557692050934,-1.000877857208252,0,0,0
0.5077044367790222,0.020364578813314438,-1.002707600593567,0,0,0
0.5065562725067139,0.015979979187250137,-1.0039029121398926,0,0,0
0.5041423439979553,0.0047346483916044235,-1.0020015239715576,0,0,0
0.5070622563362122,-0.004606662318110466,-1.0028597116470337,0,0,0
0.5253122448921204,-0.003644634038209915,-1.0022445917129517,0,0,0
0.5925412178039551,0.005599796772003174,-0.9993799328804016,0,0,0
0.6598155498504639,0.01831519976258278,-0.9985636472702026,0,0,0
0.7041937112808228,0.028285328298807144,-0.9974747896194458,0,0,0
0.72816401720047,0.02845882624387741,-0.9988712072372437,0,0,0
0.7412995100021362,0.02964017167687416,-0.9977404475212097,0,0,0
0.7545062303543091,0.037120312452316284,-0.9964110851287842,0,0,0
0.7598643898963928,0.0351727120578289,-0.9960511922836304,0,0,0
0.7553038001060486,0.03362991288304329,-0.997492253780365,0,0,0
0.751311719417572,0.03949957713484764,-1.0003818273544312,0,0,0
0.7509975433349609,0.043844398111104965,-1.004346251487732,0,0,0
0.7545033693313599,0.027966290712356567,-1.0054702758789062,0,0,0
0.7602071762084961,0.005750276148319244,-1.0077985525131226,0,0,0
0.7620698809623718,-0.004733150824904442,-1.0103754997253418,0,0,0
0.7621763348579407,0.0007545351982116699,-1.0099619626998901,0,0,0
0.7592281699180603,0.010745454579591751,-1.0066989660263062,0,0,0
0.7609870433807373,0.012622436508536339,-1.0024139881134033,0,0,0
0.7655861973762512,0.012859191745519638,-1.00139319896698,0,0,0
0.769997239112854,0.014687944203615189,-1.000412106513977,0,0,0
0.7690243721008301,0.018994763493537903,-0.9994415640830994,0,0,0
0.7628071308135986,0.02352999523282051,-0.9996728897094727,0,0,0
0.754930317401886,0.018977588042616844,-1.0018994808197021,0,0,0
0.7534480094909668,0.007225833833217621,-1.0038423538208008,0,0,0
0.7561171054840088,-0.0064042676240205765,-1.0043193101882935,0,0,0
0.7499894499778748,-0.008634315803647041,-1.0028572082519531,0,0,0
0.7477446794509888,-0.01345453318208456,-0.9993975162506104,0,0,0
0.7550721764564514,-0.02482648938894272,-0.9979547262191772,0,0,0
0.7547541260719299,-0.027242962270975113,-0.9987561702728271,0,0,0
0.752098798751831,-0.020090503618121147,-0.9961961507797241,0,0,0
0.7515982985496521,-0.009566852822899818,-0.9937723875045776,0,0,0
0.749989926815033,-0.0004714354872703552,-0.993994951248169,0,0,0
0.7528555989265442,0.0012599825859069824,-0.9930768609046936,0,0,0
0.7552107572555542,0.004435863345861435,-0.9942794442176819,0,0,0
0.7534219026565552,0.010593988001346588,-0.9976937770843506,0,0,0
0.751497209072113,0.019557910040020943,-1.0024728775024414,0,0,0
0.7502160668373108,0.01974591426551342,-1.0041979551315308,0,0,0
0.7511683106422424,0.008596152067184448,-1.005686640739441,0,0,0
0.7535227537155151,0.0016846265643835068,-1.0049405097961426,0,0,0
0.7550719976425171,0.004458239302039146,-0.9997503757476807,0,0,0
0.7543849349021912,-0.007656216621398926,-0.9953499436378479,0,0,0
0.7469386458396912,-0.025960370898246765,-0.9940288066864014,0,0,0
0.7394093871116638,-0.02297903038561344,-0.9948218464851379,0,0,0
0.7356360554695129,-0.011249161325395107,-0.9947217702865601,0,0,0
0.7311558723449707,0.003463713452219963,-0.9976412653923035,0,0,0
0.7396178245544434,0.006901245564222336,-0.9969131946563721,0,0,0
0.7525820732116699,-0.0014299899339675903,-0.9973671436309814,0,0,0
0.7579943537712097,0.004747034981846809,-1.0001055002212524,0,0,0
0.7640376091003418,0.01671796292066574,-0.9985119700431824,0,0,0
0.7679795622825623,0.014867614954710007,-0.997331976890564,0,0,0
0.7640951871871948,0.006495894864201546,-0.9961060285568237,0,0,0
0.7490118145942688,-0.0022273696959018707,-0.9956027269363403,0,0,0
0.7306371331214905,0.00013958103954792023,-0.9956156015396118,0,0,0
0.7251197695732117,0.0034643877297639847,-0.9966568946838379,0,0,0
0.7401328682899475,-0.007064532488584518,-0.9988950490951538,0,0,0
0.7569695711135864,-0.013441317714750767,-1.0021414756774902,0,0,0
0.7614457011222839,-0.009932863526046276,-1.0022209882736206,0,0,0
0.7595424056053162,-0.005553910508751869,-0.9971830248832703,0,0,0
0.7552021145820618,-0.006456529721617699,-0.9986652135848999,0,0,0
0.7551026940345764,0.002695765346288681,-1.0010274648666382,0,0,0
0.7513493299484253,0.001894574612379074,-0.9965597987174988,0,0,0
0.7440909743309021,-0.004275773651897907,-0.9973632097244263,0,0,0
0.7421230673789978,0.0058751776814460754,-0.9990139007568359,0,0,0
0.7388505935668945,0.010728340595960617,-1.0004000663757324,0,0,0
0.7304368019104004,0.01162201538681984,-1.0013738870620728,0,0,0
0.737842857837677,0.005149476230144501,-1.0045522451400757,0,0,0
0.7490037679672241,-0.0030216034501791,-1.0055400133132935,0,0,0
0.7528142929077148,-0.009615416638553143,-1.0049933195114136,0,0,0
0.7575063109397888,-0.005285538733005524,-1.0027087926864624,0,0,0
0.7554967403411865,0.006348943337798119,-1.0033735036849976,0,0,0
0.7506443858146667,0.01995939202606678,-1.003965139389038,0,0,0
0.7423475384712219,0.029565447941422462,-1.002272367477417,0,0,0
0.740440309047699,0.019547557458281517,-0.9979165196418762,0,0,0
0.7401086688041687,0.009060012176632881,-0.9966294765472412,0,0,0
0.7420340776443481,0.0021944809705018997,-0.9970027208328247,0,0,0
0.7419248223304749,0.0006300322711467743,-0.9982303380966187,0,0,0
0.7387159466743469,-0.0010261069983243942,-1.0025120973587036,0,0,0
0.7407406568527222,-0.0034175999462604523,-1.0061534643173218,0,0,0
0.7410650253295898,-0.004748232662677765,-1.00748610496521,0,0,0
0.7406918406486511,-0.007117088884115219,-1.007218837738037,0,0,0
0.7367794513702393,0.0028522592037916183,-1.0065460205078125,0,0,0
0.7421925067901611,0.002691119909286499,-1.0067843198776245,0,0,0
0.7442596554756165,-0.0059654004871845245,-1.0027047395706177,0,0,0
0.739212691783905,-0.011804547160863876,-1.001153826713562,0,0,0
0.729218602180481,-0.01585412584245205,-1.0005794763565063,0,0,0
0.7281709909439087,-0.0008608028292655945,-0.9977996349334717,0,0,0
0.7374449372291565,0.0018043313175439835,-0.9977880120277405,0,0,0
0.7524820566177368,-0.02445117197930813,-0.9971412420272827,0,0,0
0.755852460861206,-0.026493187993764877,-1.0007970333099365,0,0,0
0.752843976020813,-0.011915693059563637,-1.0020653009414673,0,0,0
0.7505379915237427,-0.02263280563056469,-0.9983794093132019,0,0,0
0.7506817579269409,-0.03349781781435013,-0.9984639883041382,0,0,0
0.7422395944595337,-0.0277029350399971,-0.9995259642601013,0,0,0
0.7316219210624695,-0.031020967289805412,-0.9983428716659546,0,0,0
0.726291298866272,-0.03994482755661011,-0.9969499707221985,0,0,0
0.7369333505630493,-0.032211221754550934,-0.9958044290542603,0,0,0
0.7453480958938599,-0.023782595992088318,-0.9970108270645142,0,0,0
0.7457783818244934,-0.025623539462685585,-0.9987937808036804,0,0,0
0.7465865015983582,-0.03146565705537796,-0.996337354183197,0,0,0
0.7423751950263977,-0.020657606422901154,-0.9971283674240112,0,0,0
0.7407357692718506,-0.0015908097848296165,-0.998353123664856,0,0,0
0.7377227544784546,0.0016090329736471176,-1.0017378330230713,0,0,0
0.7315366268157959,-0.005516641307622194,-1.004443645477295,0,0,0
0.7259177565574646,-0.01203439012169838,-1.0040194988250732,0,0,0
0.7273815870285034,-0.009444680996239185,-1.0050162076950073,0,0,0
0.7316774129867554,-0.00715172104537487,-1.005096673965454,0,0,0
0.7261622548103333,-0.013770858757197857,-1.0039901733398438,0,0,0
0.7267886400222778,-0.00811661034822464,-1.005002498626709,0,0,0
0.7266423106193542,-0.005327658727765083,-1.0023422241210938,0,0,0
0.7276690602302551,-0.012655701488256454,-0.9982937574386597,0,0,0
0.7246837615966797,-0.01677446998655796,-0.9991042613983154,0,0,0
0.730485200881958,-0.01512696873396635,-0.999736487865448,0,0,0
0.7370132803916931,-0.023827238008379936,-0.9979597330093384,0,0,0
0.7393732666969299,-0.032283537089824677,-0.9979181289672852,0,0,0
0.7410632967948914,-0.019368944689631462,-0.9995850920677185,0,0,0
0.7404446005821228,-0.007221277803182602,-0.9994871616363525,0,0,0
0.7412028908729553,-0.009029288776218891,-1.0005590915679932,0,0,0
0.7315264344215393,-0.007201391272246838,-1.0000174045562744,0,0,0
0.7214959859848022,-0.007421867921948433,-0.9998296499252319,0,0,0
0.718087375164032,-0.008362066932022572,-1.0012593269348145,0,0,0
0.7196869254112244,-0.0011027497239410877,-1.0006507635116577,0,0,0
0.7245017290115356,0.008920988067984581,-0.997564435005188,0,0,0
0.7309122681617737,0.01193259097635746,-0.998063862323761,0,0,0
0.7373489141464233,-0.0016973763704299927,-1.0015636682510376,0,0,0
0.7439064979553223,-0.014788966625928879,-1.0046381950378418,0,0,0
0.7472022771835327,-0.016007080674171448,-1.005540132522583,0,0,0
0.7474161982536316,-0.019583260640501976,-1.006537914276123,0,0,0
0.7423838973045349,-0.024330833926796913,-1.0078117847442627,0,0,0
0.7372251152992249,-0.010122926905751228,-1.0060011148452759,0,0,0
0.7380567193031311,-0.004316624253988266,-0.9996052384376526,0,0,0
0.7362541556358337,0.004497343674302101,-0.9996784329414368,0,0,0
0.7365438938140869,0.012232603505253792,-1.0012531280517578,0,0,0
0.7315188050270081,0.009505463764071465,-1.0001450777053833,0,0,0
0.7294920086860657,0.0015485938638448715,-0.9966121315956116,0,0,0
0.7450056076049805,0.0066498382948338985,-0.9948359131813049,0,0,0
0.7581245303153992,0.01250886544585228,-0.9948936700820923,0,0,0
0.754978358745575,0.013337118551135063,-0.9985309839248657,0,0,0
0.749602198600769,0.010314944200217724,-1.0032103061676025,0,0,0
0.740379810333252,-0.005671138875186443,-1.001512050628662,0,0,0
0.7342000603675842,-0.014752586372196674,-1.0033022165298462,0,0,0
0.7257351875305176,-0.008307094685733318,-1.003161072731018,0,0,0
0.7206275463104248,-0.00863396842032671,-1.0009675025939941,0,0,0
0.7245016694068909,-0.011356578208506107,-0.9982272386550903,0,0,0
0.7338722348213196,-0.009122185409069061,-0.9967159628868103,0,0,0
0.738614559173584,-0.01530100405216217,-0.9966222047805786,0,0,0
0.7334414124488831,-0.015954846516251564,-0.9985147714614868,0,0,0
0.7247123718261719,-0.013449307531118393,-0.9995778203010559,0,0,0
0.7249034643173218,-0.02790282666683197,-1.0022507905960083,0,0,0
0.7239307165145874,-0.031007569283246994,-1.0000463724136353,0,0,0
0.7205369472503662,-0.019875671714544296,-0.9963446259498596,-0.04379754513502121,-0.03228016570210457,-0.0028497055172920227
0.7214154601097107,-0.004668961279094219,-0.997426450252533,-0.04387698322534561,-0.03213381767272949,-0.003044920042157173
0.7219333648681641,0.011892576701939106,-0.9973307847976685,-0.04380028322339058,-0.032139357179403305,-0.0029138829559087753
0.7203907370567322,0.022051971405744553,-0.9969420433044434,-0.043623995035886765,-0.03204503282904625,-0.0030356012284755707
0.7172739505767822,0.018220964819192886,-0.9988459944725037,-0.04335274174809456,-0.03201229125261307,-0.0030563808977603912
0.7194531559944153,0.011288067325949669,-0.9991171956062317,-0.04319772869348526,-0.03202420100569725,-0.0031058453023433685
0.7241460680961609,0.004053411073982716,-0.9994854927062988,-0.04329825937747955,-0.03216779977083206,-0.0033783763647079468
0.7307250499725342,0.0023838356137275696,-0.9979538321495056,-0.043476857244968414,-0.032203543931245804,-0.003492569550871849
0.7341080904006958,0.003748656250536442,-0.996015727519989,-0.0437387079000473,-0.032201994210481644,-0.003596728667616844
0.7432695627212524,-0.004796126391738653,-0.99713134765625,-0.04400870203971863,-0.03207281604409218,-0.00379863940179348
0.7438146471977234,-0.014762847684323788,-0.997898280620575,-0.0440545454621315,-0.03210998326539993,-0.0038370024412870407
0.7330113053321838,-0.008712349459528923,-0.9975860118865967,-0.044061996042728424,-0.03215663135051727,-0.0038797352463006973
0.733027458190918,-0.0008996054530143738,-0.9987239241600037,-0.044139184057712555,-0.03221036121249199,-0.003894813358783722
0.7374124526977539,0.003648395650088787,-0.999411404132843,-0.0442584827542305,-0.03232024610042572,-0.003940535709261894
0.7431995272636414,0.0036870185285806656,-0.9985840320587158,-0.0443761870265007,-0.03226495161652565,-0.003979533910751343
0.7350674271583557,-0.0010590311139822006,-0.999485194683075,-0.04425857961177826,-0.032294951379299164,-0.0038360953330993652
0.7188336849212646,-0.015512332320213318,-0.9992270469665527,-0.044333457946777344,-0.03232032060623169,-0.0037524159997701645
0.7286968231201172,-0.018264440819621086,-0.9992473125457764,-0.044420819729566574,-0.03242257982492447,-0.00388980470597744
0.736653208732605,-0.008830652572214603,-0.9990004897117615,-0.044245555996894836,-0.03251779451966286,-0.004013659432530403
0.740753173828125,0.0023974506184458733,-1.0008174180984497,-0.044035058468580246,-0.03274087607860565,-0.004082195460796356
0.7397197484970093,0.0063141100108623505,-1.0012340545654297,-0.04401881992816925,-0.03272790089249611,-0.00417347252368927
0.7313588857650757,0.011735239066183567,-0.9990255236625671,-0.04422953352332115,-0.03268807381391525,-0.004417899996042252
0.7223859429359436,0.020329177379608154,-0.9961118698120117,-0.04427340626716614,-0.03270464763045311,-0.00448569655418396
0.7190897464752197,0.027246469631791115,-0.9960001707077026,-0.04423601180315018,-0.03287135809659958,-0.004474980756640434
0.7210527062416077,0.019754823297262192,-0.9999573826789856,-0.04415278509259224,-0.03308258205652237,-0.004548743367195129
0.7275812029838562,0.009210946038365364,-1.0049011707305908,-0.044130418449640274,-0.033231571316719055,-0.004476962611079216
0.7296289801597595,0.009950743056833744,-1.0037635564804077,-0.044492367655038834,-0.033287353813648224,-0.004445632919669151
0.7247264981269836,0.012702135369181633,-1.0006437301635742,-0.04518570750951767,-0.03303584083914757,-0.004249813035130501
0.7245560884475708,0.005196461454033852,-1.0001236200332642,-0.04589812085032463,-0.0328519269824028,-0.004309019073843956
0.7245755195617676,-0.020135246217250824,-0.9986163377761841,-0.04656987637281418,-0.03282725438475609,-0.004349172115325928
0.7287518978118896,-0.01008625514805317,-1.0004456043243408,-0.04709043353796005,-0.032819706946611404,-0.004328183829784393
0.7293751835823059,0.005157995969057083,-0.9990256428718567,-0.04727146029472351,-0.032871514558792114,-0.00443449430167675
0.7249525785446167,0.01721246726810932,-0.9974799156188965,-0.04729931056499481,-0.03297191485762596,-0.004350285977125168
0.7215096354484558,0.024429021403193474,-0.9972409009933472,-0.04736996442079544,-0.03299500420689583,-0.004202054813504219
0.7173839211463928,0.016296863555908203,-0.9991092681884766,-0.04743107408285141,-0.03306478634476662,-0.004236364737153053
0.7202460765838623,-0.003464491106569767,-1.0034295320510864,-0.04751110076904297,-0.03296107426285744,-0.004321973770856857
0.7330931425094604,-0.006676189135760069,-1.0014835596084595,-0.04766462743282318,-0.03281492739915848,-0.004378955811262131
0.7327617406845093,-0.00011897273361682892,-0.9985694289207458,-0.04792841523885727,-0.032748743891716,-0.004382053390145302
0.730538010597229,0.013783623464405537,-0.9958604574203491,-0.048028815537691116,-0.03281383588910103,-0.0045593008399009705
0.73691326379776,0.013712464831769466,-0.996746301651001,-0.047879163175821304,-0.032842423766851425,-0.0046163201332092285
0.7351565361022949,0.015769679099321365,-0.9995173215866089,-0.047442272305488586,-0.03292715921998024,-0.004722617566585541
0.7354413270950317,0.01242257934063673,-0.9997438788414001,-0.04705672711133957,-0.0329471230506897,-0.004776226356625557
0.7346627116203308,0.005788993090391159,-1.003513216972351,-0.0468420647084713,-0.03278115391731262,-0.0048548560589551926
0.7313566207885742,-0.004497486166656017,-1.005398154258728,-0.04649500548839569,-0.032719410955905914,-0.004775663837790489
0.7246837019920349,-0.0057154931128025055,-1.003764271736145,-0.04625304415822029,-0.03276016190648079,-0.00479334220290184
0.7200133800506592,-0.004659723490476608,-1.0024755001068115,-0.046121589839458466,-0.03272130340337753,-0.004632202908396721
0.722450852394104,-0.00677516870200634,-1.002528190612793,-0.046040501445531845,-0.032764069736003876,-0.00507669523358345
0.7282580733299255,-0.009260129183530807,-1.0028424263000488,-0.045530036091804504,-0.030899450182914734,-0.020265744999051094
0.7214967012405396,-0.0052375271916389465,-1.0034183263778687,-0.014871880412101746,-0.03827373683452606,-0.11662699282169342
0.7136054039001465,0.005529865622520447,-1.0016181468963623,0.009064119309186935,-0.05643965303897858,-0.30610570311546326
0.711763322353363,0.022678513079881668,-1.0014433860778809,0.012190263718366623,-0.0584142841398716,-0.5169881582260132
0.7144340872764587,0.03549008071422577,-1.0002498626708984,0.0182306207716465,-0.05253065750002861,-0.6203429698944092
0.7184702754020691,0.036249443888664246,-1.0035797357559204,0.014955978840589523,-0.04572771489620209,-0.6721745729446411
0.7223720550537109,0.03082185983657837,-1.004783272743225,-0.008547313511371613,-0.04274551942944527,-0.7026077508926392
0.7248184680938721,0.02599485218524933,-1.005236029624939,-0.032248347997665405,-0.03474322333931923,-0.7157296538352966
0.7226009368896484,0.020201440900564194,-1.0049235820770264,-0.0536748543381691,-0.029998091980814934,-0.7163810729980469
0.7212468981742859,0.018522171303629875,-1.0019904375076294,-0.06612269580364227,-0.030698593705892563,-0.7094693183898926
0.7199820280075073,0.01465708389878273,-0.9997239708900452,-0.06061935052275658,-0.033410150557756424,-0.7019777894020081
0.7128952145576477,0.015864141285419464,-0.9997768402099609,-0.047204792499542236,-0.03960435837507248,-0.6983163952827454
0.7187877893447876,0.015421926975250244,-0.9995362758636475,-0.03595177084207535,-0.04369107633829117,-0.6903302669525146
0.7293230295181274,0.023952851071953773,-1.001430869102478,-0.026812871918082237,-0.050038892775774,-0.6835992336273193
0.7364038228988647,0.028438251465559006,-0.9994745254516602,-0.020561641082167625,-0.052362293004989624,-0.68083655834198
0.7372607588768005,0.02276988886296749,-1.001303791999817,-0.01586141064763069,-0.04746514558792114,-0.6799242496490479
0.7371191382408142,0.0330115482211113,-1.0040205717086792,-0.010347440838813782,-0.04674570634961128,-0.6866392493247986
0.731971800327301,0.03691914677619934,-1.0050932168960571,-0.009532559663057327,-0.057548947632312775,-0.6964414119720459
0.7274865508079529,0.04255218803882599,-1.0068045854568481,-0.015370426699519157,-0.07669234275817871,-0.7045209407806396
0.7267787456512451,0.04554302990436554,-1.006768822669983,-0.016329800710082054,-0.08166393637657166,-0.7119166254997253
0.7212936282157898,0.059587426483631134,-1.0036354064941406,-0.02044488489627838,-0.07935044914484024,-0.7172382473945618
0.7099915742874146,0.06905919313430786,-1.0037751197814941,-0.022885732352733612,-0.07268474996089935,-0.7169694900512695
0.7106068730354309,0.06419894099235535,-1.0019736289978027,-0.028310559689998627,-0.06723178923130035,-0.7167788743972778
0.712826132774353,0.06887897104024887,-1.002900242805481,-0.03224886581301689,-0.05266159400343895,-0.7182268500328064
0.714699923992157,0.05931543558835983,-1.004330039024353,-0.03269185870885849,-0.04909399151802063,-0.7187229990959167
0.7201471924781799,0.04832538962364197,-0.998958945274353,-0.031108085066080093,-0.04593627154827118,-0.720637857913971
0.7275130152702332,0.037036605179309845,-1.0000884532928467,-0.03437090292572975,-0.04648169130086899,-0.7194485068321228
0.7273088097572327,0.014352016150951385,-1.0038522481918335,-0.03229198604822159,-0.053462833166122437,-0.7162582874298096
0.7203277945518494,0.005708377808332443,-1.0064761638641357,-0.024488884955644608,-0.06442084163427353,-0.7130557298660278
0.7214230298995972,0.008985478430986404,-1.0049114227294922,-0.01712430827319622,-0.06963569670915604,-0.7126219272613525
0.7280328273773193,0.016575582325458527,-1.0063015222549438,-0.011473840102553368,-0.08008218556642532,-0.7127891778945923
0.7299315929412842,0.018135130405426025,-1.0030686855316162,-0.00976007990539074,-0.09902792423963547,-0.7083028554916382
0.7152570486068726,0.02997935563325882,-1.0024263858795166,-0.01627585105597973,-0.11290210485458374,-0.7091382145881653
0.7035264372825623,0.03504669666290283,-1.0054367780685425,-0.020067520439624786,-0.11536823213100433,-0.7175877690315247
0.7011471390724182,0.03187810257077217,-1.0045576095581055,-0.02552173100411892,-0.10914993286132812,-0.7227927446365356
0.6998193264007568,0.04723949730396271,-1.0006059408187866,-0.03397347033023834,-0.09980519115924835,-0.7223760485649109
0.6900425553321838,0.0579901859164238,-1.005736231803894,-0.03932895511388779,-0.08859890699386597,-0.7239614129066467
0.6910052299499512,0.05145346745848656,-1.002854824066162,-0.043691329658031464,-0.07511354237794876,-0.7268093824386597
0.7009941339492798,0.05425072833895683,-0.9993594288825989,-0.0457460954785347,-0.06684805452823639,-0.728583037853241
0.70683753490448,0.059938132762908936,-1.0017240047454834,-0.042965855449438095,-0.06410711258649826,-0.7312062382698059
0.7057871222496033,0.06377635896205902,-0.9998385906219482,-0.032822154462337494,-0.05309807509183884,-0.7695094347000122
0.7149830460548401,0.057994190603494644,-0.9995576739311218,-0.023603301495313644,-0.03768465667963028,-0.8410038352012634
0.7149584293365479,0.056525878608226776,-0.9976504445075989,-0.013103015720844269,-0.034422893077135086,-0.9173445105552673
0.7087836265563965,0.05922503024339676,-1.0022598505020142,-0.003581233322620392,-0.0228137020021677,-0.9563304781913757
0.7081093788146973,0.04565739259123802,-1.0086203813552856,0.0024796873331069946,-0.02748970314860344,-0.9733626246452332
0.7029192447662354,0.04400314763188362,-1.0025889873504639,0.0028547905385494232,-0.037860047072172165,-0.980859100818634
0.6902307868003845,0.061232730746269226,-0.998568058013916,0.004237838089466095,-0.043549515306949615,-0.9866300225257874
0.6894217133522034,0.06806312501430511,-0.9993704557418823,0.0016045868396759033,-0.042604636400938034,-0.9893378615379333
0.6883488297462463,0.07171446084976196,-0.9956055879592896,-0.0008300803601741791,-0.038859061896800995,-0.9910998940467834
0.6960276365280151,0.07223610579967499,-0.9955971240997314,0.006316274404525757,-0.03311014920473099,-0.9905940294265747
0.7150536775588989,0.04501279816031456,-0.9974992275238037,0.015087559819221497,-0.033890143036842346,-0.9891349673271179
0.7308326363563538,0.015026550740003586,-1.0032520294189453,0.024984754621982574,-0.053921714425086975,-0.9770083427429199
0.7262295484542847,0.014908377081155777,-1.0092535018920898,0.0250614732503891,-0.053923286497592926,-0.9767146706581116
0.7197727560997009,0.021061431616544724,-1.0058521032333374,0.023871291428804398,-0.051349204033613205,-0.9732199311256409
0.7154144644737244,0.03011416271328926,-1.0036816596984863,0.018545545637607574,-0.048237964510917664,-0.9750727415084839
0.7086818814277649,0.044088996946811676,-1.0022169351577759,0.012672167271375656,-0.045646026730537415,-0.9779523611068726
0.715417742729187,0.0403171107172966,-1.001192331314087,0.009255770593881607,-0.040918927639722824,-0.9807517528533936
0.7215366363525391,0.040663763880729675,-0.9956524968147278,0.006919022649526596,-0.036419279873371124,-0.9847307801246643
0.723044753074646,0.04269013553857803,-0.9924139976501465,0.0036279596388339996,-0.035315804183483124,-0.9891635775566101
0.7253379821777344,0.0359414778649807,-0.9913555979728699,-0.001987464725971222,-0.03090696595609188,-0.9915471076965332
0.7270980477333069,0.043579526245594025,-0.9904730319976807,-0.0029348284006118774,-0.02448984421789646,-0.990795373916626
0.711655855178833,0.05410816892981529,-0.9975866079330444,0.0009720362722873688,-0.021254945546388626,-0.9894339442253113
0.7131882905960083,0.04737016186118126,-0.9984718561172485,0.005976822227239609,-0.022310493513941765,-0.9858865141868591
0.7090184092521667,0.05148310959339142,-1.0002819299697876,0.010510895401239395,-0.02258916012942791,-0.9827024936676025
0.7016974687576294,0.059956543147563934,-1.0024526119232178,0.011495210230350494,-0.015031995251774788,-0.9835706949234009
0.68839031457901,0.06931433081626892,-1.0013140439987183,0.010441761463880539,-0.013302027247846127,-0.9858795404434204
0.6787785291671753,0.07486150413751602,-0.9960554838180542,0.012753959745168686,-0.005497559905052185,-0.9899930357933044
0.6849048137664795,0.06766341626644135,-0.9941468834877014,0.01654132828116417,0.006777266040444374,-0.9897317290306091
0.6805667877197266,0.0660194456577301,-0.9962558746337891,0.02208002284169197,0.01777312159538269,-0.9884106516838074
0.6819188594818115,0.06626825034618378,-0.9984062910079956,0.024067644029855728,0.015162359923124313,-0.9875842928886414
0.6886449456214905,0.07402320206165314,-0.9979739785194397,0.02730158343911171,0.016243387013673782,-0.9874839782714844
0.6875981092453003,0.08292779326438904,-0.999690592288971,0.020084209740161896,0.009878050535917282,-0.9865150451660156
0.6947908401489258,0.07606187462806702,-0.9970401525497437,0.009648397564888,0.0008118357509374619,-0.9877209663391113
0.7069249153137207,0.06246790662407875,-0.9984133839607239,0.006129071116447449,-0.01705962046980858,-0.989456295967102
0.7213537096977234,0.04208385944366455,-1.0012937784194946,0.004045780748128891,-0.024765916168689728,-0.9921141862869263
0.729993999004364,0.0320887453854084,-0.9997456073760986,0.0037362538278102875,-0.027864927425980568,-0.9918243885040283
0.7282994389533997,0.0371553972363472,-1.0020594596862793,0.00547388568520546,-0.028527652844786644,-0.990447461605072
0.7187348008155823,0.04951995611190796,-1.0052073001861572,0.007908973842859268,-0.024430949240922928,-0.9915151000022888
0.7172054052352905,0.04767049849033356,-0.9991113543510437,0.0023834779858589172,-0.0164982620626688,-0.9941529631614685
0.7247018218040466,0.04704248905181885,-0.9985688328742981,0.0028413161635398865,-0.014736122451722622,-0.9968476891517639
0.7228354215621948,0.05377797409892082,-0.9963703751564026,0.005795270204544067,-0.021351605653762817,-0.9958636164665222
0.7088585495948792,0.04797520488500595,-0.995193362236023,0.01037801057100296,-0.02884775400161743,-0.9958910942077637
0.7117382287979126,0.041699279099702835,-0.9925520420074463,0.01406632736325264,-0.03582517430186272,-0.9954500794410706
0.7285870909690857,0.0317872054874897,-0.9926421642303467,0.020426951348781586,-0.04639129713177681,-0.9925466179847717
0.7252264022827148,0.029502544552087784,-0.9974033832550049,0.021157629787921906,-0.039448902010917664,-0.9945350885391235
0.7223294377326965,0.020362488925457,-0.9931060075759888,0.021777566522359848,-0.027822673320770264,-0.9957788586616516
0.7244879603385925,0.022689834237098694,-0.9942611455917358,0.022677063941955566,-0.028306545689702034,-0.998751163482666
0.7222093939781189,0.027029335498809814,-1.0020909309387207,0.01796083152294159,-0.02056344971060753,-0.9982557892799377
0.7063999176025391,0.041648298501968384,-1.0077985525131226,0.00835336372256279,-0.014083807356655598,-0.9962210655212402
0.6861813068389893,0.06473752856254578,-1.0093878507614136,0.002513475716114044,-0.011918522417545319,-0.9949281811714172
0.6798815727233887,0.06906415522098541,-1.0054967403411865,0.006371777504682541,-0.016301894560456276,-0.9936304092407227
0.6694926023483276,0.06610571593046188,-1.0032280683517456,0.011113278567790985,-0.019610008224844933,-0.9943705201148987
0.6698349118232727,0.07178101688623428,-1.0013295412063599,0.019779592752456665,-0.01794716715812683,-0.9914350509643555
0.6774508357048035,0.06691589206457138,-1.008157730102539,0.027896735817193985,-0.034503836184740067,-0.9863453507423401
0.6967723965644836,0.05451555177569389,-1.0088863372802734,0.030784767121076584,-0.03964811563491821,-0.9862623810768127
0.709036111831665,0.04843265563249588,-1.0055222511291504,0.025856036692857742,-0.028749728575348854,-0.9882422089576721
0.7164232730865479,0.0309780053794384,-1.0044841766357422,0.020399056375026703,-0.022797735407948494,-0.9909002780914307
0.7197286486625671,0.03965112566947937,-1.0094884634017944,0.014067832380533218,-0.01667170599102974,-0.9910030961036682
0.7235698699951172,0.039359573274850845,-1.0146013498306274,0.006711162626743317,-0.016716189682483673,-0.99178546667099
0.727651834487915,0.023335915058851242,-1.0106470584869385,0.0030812248587608337,-0.01794992946088314,-0.9939837455749512
0.7289449572563171,0.025048114359378815,-1.0094685554504395,0.00820886343717575,-0.02955683320760727,-0.9914861917495728
0.7189379334449768,0.04046151414513588,-1.0059224367141724,0.010422714054584503,-0.041383493691682816,-0.9870233535766602
0.7132679224014282,0.03703877702355385,-1.002018690109253,0.01332070305943489,-0.039849527180194855,-0.9862526059150696
0.7123093008995056,0.03710548207163811,-1.0020321607589722,0.017005138099193573,-0.03445184603333473,-0.9870823621749878
0.7230691909790039,0.021434679627418518,-0.9998016953468323,0.016837187111377716,-0.03500405699014664,-0.9870666265487671
0.7195777893066406,0.01713409647345543,-1.000754952430725,0.01487208902835846,-0.05198989063501358,-0.9903937578201294
0.7085447907447815,0.009586326777935028,-1.0050954818725586,0.012269198894500732,-0.0564165860414505,-0.9950183629989624
0.711194634437561,-0.06790848076343536,-1.0038537979125977,0.010130729526281357,-0.04508737474679947,-0.9991753697395325
0.7213940024375916,-0.14718858897686005,-1.0039958953857422,0.008910953998565674,-0.03482206538319588,-1.000367283821106
0.7288082838058472,-0.19059891998767853,-1.0001784563064575,0.009837128221988678,-0.022484000772237778,-0.9968568682670593
0.7432366609573364,-0.21344533562660217,-0.9989388585090637,0.008348558098077774,-0.012152770534157753,-0.9916704297065735
0.7463240027427673,-0.23085767030715942,-0.9954540133476257,0.008003424853086472,-0.01628563553094864,-0.9913073778152466
0.7342011332511902,-0.24435818195343018,-0.9955133199691772,0.005639363080263138,-0.018357934430241585,-0.9936661124229431
0.7374225854873657,-0.2441733479499817,-0.9981335401535034,0.00510815903544426,-0.015546338632702827,-0.9983487725257874
0.7400373220443726,-0.24431398510932922,-0.9977031946182251,0.008047778159379959,-0.010275554843246937,-1.0018200874328613
0.7370280027389526,-0.24882599711418152,-0.9934621453285217,0.005796719342470169,-0.014684210531413555,-1.001482605934143
0.7387564182281494,-0.2492084950208664,-0.9959151744842529,-0.0018728673458099365,-0.015900947153568268,-1.0017064809799194
0.7433035373687744,-0.24310702085494995,-1.0007189512252808,-0.007118184119462967,-0.006464060395956039,-1.003341794013977
0.7443320751190186,-0.22881123423576355,-1.0025521516799927,-0.0094460379332304,0.0021523870527744293,-1.0032639503479004
0.7411075234413147,-0.22049474716186523,-1.000783920288086,-0.006447659805417061,0.005042869597673416,-0.9987283945083618
0.7344182729721069,-0.22538910806179047,-0.9977818131446838,-0.0010809898376464844,-0.0021225325763225555,-0.9976755380630493
0.7266742587089539,-0.23252606391906738,-0.9972906112670898,0.00475253164768219,-0.012943413108587265,-0.9965697526931763
0.7166239619255066,-0.24272878468036652,-0.9988570809364319,0.012632038444280624,-0.02207348123192787,-0.9978614449501038
0.7109131813049316,-0.2544495165348053,-1.0002785921096802,0.02068965509533882,-0.020170748233795166,-0.9969925880432129
0.7154359221458435,-0.260212242603302,-1.0038416385650635,0.0201844684779644,-0.0011131558567285538,-0.992501974105835
0.7226614952087402,-0.2603244483470917,-1.0050617456436157,0.020084310322999954,0.002868104726076126,-0.9860098958015442
0.7227150201797485,-0.26217254996299744,-1.0033093690872192,0.02201167494058609,-0.00793338380753994,-0.9856323003768921
0.7215167284011841,-0.2642883062362671,-1.003570318222046,0.020127061754465103,-0.01840539649128914,-0.9928810000419617
0.7207529544830322,-0.2654190957546234,-0.9992499947547913,0.01490120217204094,-0.010134696029126644,-1.0010076761245728
0.724946141242981,-0.2736314535140991,-0.9972772598266602,0.008998274803161621,-0.001933172345161438,-1.0047563314437866
0.7352309823036194,-0.2781844735145569,-0.997277557849884,0.0014042705297470093,0.0003807973116636276,-1.0046545267105103
0.7389755845069885,-0.2910643517971039,-0.996891975402832,-0.012838492169976234,-0.006745391525328159,-1.0053215026855469
0.7314833998680115,-0.30380094051361084,-0.9949624538421631,-0.01771215721964836,-0.010121668688952923,-1.0061651468276978
0.7293022274971008,-0.29312649369239807,-0.9930781722068787,-0.0183104295283556,-0.007145348936319351,-1.007245421409607
0.7493774890899658,-0.28232720494270325,-0.9915043711662292,-0.015117840841412544,-0.004814356565475464,-1.0064300298690796
0.8338595032691956,-0.28099730610847473,-0.9941427111625671,-0.007166210561990738,0.003610977903008461,-1.0041401386260986
0.9049095511436462,-0.27748018503189087,-0.9994357228279114,0.003051895648241043,0.007832664996385574,-1.0022742748260498
0.9448098540306091,-0.28213295340538025,-1.0023622512817383,0.007767278701066971,0.0073174163699150085,-1.0008623600006104
0.9682635068893433,-0.2903420925140381,-1.0039381980895996,0.00947175920009613,0.0037044696509838104,-0.9997201561927795
0.9803008437156677,-0.2885878384113312,-1.0020779371261597,0.003937281668186188,0.007706012576818466,-1.0007166862487793
0.98307865858078,-0.2746593952178955,-1.0009769201278687,0.0003467351198196411,0.010585272684693336,-1.00331711769104
0.9796237349510193,-0.26334935426712036,-0.9992888569831848,-0.0036922916769981384,0.02032884582877159,-1.0041917562484741
0.9742189645767212,-0.2597261667251587,-0.9989508390426636,-0.008171621710062027,0.0191863551735878,-1.0044472217559814
0.9644027352333069,-0.2615318298339844,-0.9963886737823486,-0.01329508051276207,0.012887002900242805,-1.0042140483856201
0.985525369644165,-0.27466994524002075,-0.9950534105300903,-0.016682002693414688,0.012936498038470745,-1.0016626119613647
1.0039113759994507,-0.29131370782852173,-0.996444821357727,-0.00820867344737053,0.014426358975470066,-1.0003386735916138
1.0168392658233643,-0.2936982810497284,-0.993989884853363,-0.0020367801189422607,0.007621919736266136,-0.9968303442001343
1.0143386125564575,-0.28612080216407776,-0.9919505715370178,-0.005658410489559174,0.0010014986619353294,-0.9954514503479004
1.0041723251342773,-0.2804926633834839,-0.9926214218139648,-0.0132962167263031,-0.007136009633541107,-0.9974403381347656
0.9932827949523926,-0.2781626880168915,-0.9945308566093445,-0.0165602695196867,-0.00548814982175827,-1.0027720928192139
0.9835861921310425,-0.2587544023990631,-0.9957890510559082,-0.015614205971360207,0.001960466615855694,-1.004309892654419
0.9837159514427185,-0.24713686108589172,-0.9995604753494263,-0.017717795446515083,0.013356157578527927,-1.002893090248108
0.9820549488067627,-0.2481675148010254,-1.0011621713638306,-0.01568431407213211,0.012967447750270367,-0.9993920922279358
1.0167943239212036,-0.2585621178150177,-1.0026077032089233,-0.010851234197616577,0.014698786661028862,-0.9972274899482727
1.166337490081787,-0.2668616473674774,-1.0008145570755005,-0.009643375873565674,0.025369059294462204,-0.9941431879997253
1.2891145944595337,-0.27172571420669556,-1.0049660205841064,-0.01320859044790268,0.025541339069604874,-0.9910013675689697
1.368868350982666,-0.27423474192619324,-1.0069583654403687,-0.007887542247772217,0.010567554272711277,-0.9860241413116455
1.416831612586975,-0.27820250391960144,-1.0066540241241455,-0.005025658756494522,0.008569118566811085,-0.9887166619300842
1.446641445159912,-0.28067249059677124,-1.002592921257019,-0.006408344954252243,0.004195127636194229,-0.9913289546966553
1.4663547277450562,-0.2882651686668396,-1.000679612159729,-0.011357292532920837,0.007982434704899788,-0.9953439235687256
1.4766998291015625,-0.29564476013183594,-1.0015158653259277,-0.0214835274964571,-0.009753827936947346,-0.9989830255508423
1.4837572574615479,-0.3146028518676758,-1.0045526027679443,-0.02590326778590679,-0.019752955064177513,-1.0039833784103394
1.4771814346313477,-0.3234723210334778,-1.0026473999023438,-0.03175634890794754,-0.024787602946162224,-1.0040709972381592
1.4827544689178467,-0.3090673089027405,-0.9987889528274536,-0.037934545427560806,-0.0177159383893013,-1.0033953189849854
1.4938015937805176,-0.28770911693573,-0.9966432452201843,-0.03518563508987427,-0.00028633885085582733,-1.0023921728134155
1.495397686958313,-0.27993515133857727,-0.9968760013580322,-0.029265690594911575,-0.0017933845520019531,-1.0009722709655762
1.4865864515304565,-0.29149726033210754,-0.9951345324516296,-0.02233278565108776,0.00026769936084747314,-0.9970598816871643
1.4740206003189087,-0.30111315846443176,-0.9958465099334717,-0.019599758088588715,-0.003487246111035347,-0.9960708022117615
1.4734214544296265,-0.29435816407203674,-0.9995719790458679,-0.025547096505761147,-0.008120225742459297,-0.9974426031112671
1.4770768880844116,-0.28476712107658386,-1.0015157461166382,-0.02560001239180565,-0.006755251437425613,-0.9983308911323547
1.4852255582809448,-0.28290027379989624,-0.9997738599777222,-0.030696462839841843,0.0112885981798172,-0.9979921579360962
1.4900474548339844,-0.282186359167099,-0.9994099140167236,-0.03429515287280083,0.02481299266219139,-0.9926296472549438
1.489417552947998,-0.27694597840309143,-1.000556230545044,-0.022607292979955673,0.022158335894346237,-0.9910351634025574
1.484052062034607,-0.2730717062950134,-1.0004947185516357,-0.02144794538617134,0.017765119671821594,-0.9895128607749939
1.4732052087783813,-0.27764225006103516,-0.9970669746398926,-0.015493001788854599,0.014839839190244675,-0.9906513094902039
1.4624123573303223,-0.2827805280685425,-0.9937314987182617,-0.007453259080648422,0.0155988410115242,-0.9912107586860657
1.46435546875,-0.28760185837745667,-0.9942224025726318,-0.011953959241509438,0.025153491646051407,-0.995657205581665
1.4799398183822632,-0.29392969608306885,-1.0007318258285522,-0.01315050758421421,0.023238230496644974,-0.9990034699440002
1.5978738069534302,-0.2893269956111908,-0.9965214133262634,-0.00807652622461319,0.00348675437271595,-0.9996837377548218
1.7507349252700806,-0.281771719455719,-0.9962641000747681,-0.0006248988211154938,-0.023415271192789078,-1.0025824308395386
1.8539923429489136,-0.2810419797897339,-1.0017739534378052,0.001447472721338272,-0.033357150852680206,-1.005292534828186
1.9081518650054932,-0.2817496359348297,-1.0013855695724487,-0.010114338248968124,-0.015375559218227863,-1.007744312286377
1.9407509565353394,-0.2737647294998169,-1.0014954805374146,-0.02684938535094261,0.01004292443394661,-1.0069868564605713
1.970362901687622,-0.2606430649757385,-1.0025410652160645,-0.035745639353990555,0.023028608411550522,-1.004936933517456
1.977785348892212,-0.24806948006153107,-1.0032676458358765,-0.033696141093969345,0.019433900713920593,-1.004637598991394
1.9907110929489136,-0.24505524337291718,-1.0017750263214111,-0.02313452772796154,0.011989034712314606,-1.0024895668029785
1.9825975894927979,-0.2646564841270447,-0.998378336429596,-0.008576137945055962,0.0004188269376754761,-1.0014065504074097
1.9689890146255493,-0.29398295283317566,-0.9955076575279236,-0.00025085732340812683,-0.001278899610042572,-1.0001055002212524
1.9741218090057373,-0.24123278260231018,-0.9936017394065857,-0.001066260039806366,0.004617176949977875,-1.0003535747528076
1.9843909740447998,-0.20384864509105682,-0.996870219707489,-0.007067924365401268,0.00690879300236702,-0.9997562766075134
1.9915320873260498,-0.20120573043823242,-1.002799153327942,-0.006843036040663719,0.014706235378980637,-0.9989281892776489
1.9865996837615967,-0.22624871134757996,-1.0035455226898193,-0.00858195498585701,0.014984045177698135,-0.9978818893432617
1.978205680847168,-0.25655412673950195,-1.0047788619995117,-0.01104964129626751,0.011772409081459045,-0.9952884316444397
1.9783536195755005,-0.2752445638179779,-1.0060064792633057,-0.008505096659064293,0.01077141985297203,-0.9935886263847351
1.9878995418548584,-0.2806922197341919,-1.0087814331054688,-0.00562622956931591,0.012916922569274902,-0.991430401802063
1.9956010580062866,-0.27960526943206787,-1.008951187133789,-0.007144426926970482,0.016650144010782242,-0.9922617673873901
2.000887870788574,-0.2905782163143158,-1.007019281387329,-0.006734577938914299,0.016970481723546982,-0.9941681027412415
2.029545307159424,-0.31039437651634216,-1.0092203617095947,-0.009684989228844643,0.014101490378379822,-0.9936763644218445
2.1709868907928467,-0.31455761194229126,-1.0015993118286133,-0.010259022936224937,0.0006367228925228119,-0.992974579334259
2.3011820316314697,-0.2991813123226166,-1.0008158683776855,-0.010455658659338951,-0.014394661411643028,-0.9936463236808777
2.381657838821411,-0.2835296392440796,-0.9982300996780396,-0.014844346791505814,-0.01383267156779766,-0.996268630027771
2.432469606399536,-0.25960516929626465,-0.9991616606712341,-0.01829889416694641,-0.008630961179733276,-0.9990763664245605
2.465243101119995,-0.24151839315891266,-1.0006743669509888,-0.016723044216632843,0.005978871136903763,-0.9994646310806274
2.4781460762023926,-0.238529235124588,-1.001137375831604,-0.013265145942568779,0.026942485943436623,-0.9995881915092468
2.4985103607177734,-0.24504557251930237,-1.0011347532272339,-0.014262765645980835,0.03582603484392166,-1.0011013746261597
2.5055766105651855,-0.24347558617591858,-0.9990365505218506,-0.01236499659717083,0.037112027406692505,-1.0001026391983032
2.504072904586792,-0.24046476185321808,-0.999427318572998,-0.015005085617303848,0.03547605872154236,-0.998166024684906
2.4993059635162354,-0.2310953289270401,-0.9996049404144287,-0.02435499057173729,0.014913791790604591,-0.9993709325790405
2.4865665435791016,-0.2223213016986847,-0.9943290948867798,-0.02723548747599125,-0.012855338864028454,-1.0039154291152954
2.4726791381835938,-0.2284567654132843,-0.9919647574424744,-0.025224268436431885,-0.027234945446252823,-1.0064786672592163
2.4883229732513428,-0.24723222851753235,-0.9936119914054871,-0.020673437044024467,-0.03815997764468193,-1.0061267614364624
2.49611759185791,-0.257188081741333,-0.9962770342826843,-0.01912371814250946,-0.03450574353337288,-1.0012065172195435
2.455843687057495,-0.2696133852005005,-0.9945516586303711,-0.018169688060879707,-0.025271926075220108,-0.9977775812149048
2.4289207458496094,-0.2754130959510803,-0.9919591546058655,-0.016352040693163872,-0.009544285014271736,-0.9979261159896851
2.4277877807617188,-0.27794149518013,-0.9941706657409668,-0.014562446624040604,0.00871896743774414,-0.9976106286048889
2.442633628845215,-0.2883584797382355,-0.9968531131744385,-0.011861374601721764,0.015655025839805603,-0.9984813332557678
2.462956190109253,-0.2933359444141388,-0.9993027448654175,-0.008121516555547714,0.014077678322792053,-0.9997730255126953
2.480241298675537,-0.2930213510990143,-1.0003784894943237,-0.009177645668387413,0.01085926964879036,-0.999126136302948
2.4859135150909424,-0.30361828207969666,-1.003526210784912,-0.009121976792812347,0.007224038243293762,-0.9975046515464783
2.493110179901123,-0.298803448677063,-1.006346344947815,-0.00849100761115551,0.0018407739698886871,-0.9943069815635681
2.492845296859741,-0.2886355519294739,-1.0033040046691895,-0.011168403550982475,-0.00951731950044632,-0.9929778575897217
2.4945220947265625,-0.2692593038082123,-1.001554250717163,-0.018899865448474884,-0.001601874828338623,-0.9881675243377686
2.539194107055664,-0.25156864523887634,-1.0007514953613281,-0.02860022336244583,0.02584388107061386,-0.9866716265678406
2.620248317718506,-0.2476113885641098,-1.0032153129577637,-0.02689804881811142,0.040127236396074295,-0.9865261912345886
2.673874855041504,-0.25693613290786743,-1.0010913610458374,-0.019725514575839043,0.035486433655023575,-0.9891342520713806
2.7055017948150635,-0.26308056712150574,-1.0001754760742188,-0.01091669499874115,0.011841587722301483,-0.9961847066879272
2.723111629486084,-0.2579438090324402,-0.9976894855499268,-0.010240036994218826,0.005507197231054306,-0.9982159733772278
2.7345645427703857,-0.24706125259399414,-0.9969180226325989,-0.012127719819545746,0.007785934954881668,-0.998560905456543
2.7399468421936035,-0.24419334530830383,-0.9962621331214905,-0.011596882715821266,0.005820855498313904,-1.0002837181091309
2.741896152496338,-0.2507818043231964,-0.9949136972427368,-0.012248972430825233,0.001721363514661789,-1.0020883083343506
2.7454349994659424,-0.2558393180370331,-0.9950888156890869,-0.014586016535758972,-0.001646619290113449,-1.003591537475586
2.7391695976257324,-0.24881289899349213,-0.9991527199745178,-0.011150099337100983,-0.005631066858768463,-1.004630208015442
2.731691837310791,-0.24399837851524353,-1.001028060913086,-0.006701670587062836,-0.005915610119700432,-1.0040531158447266
2.728281259536743,-0.24034790694713593,-1.001483678817749,-0.00030640698969364166,-0.009027613326907158,-1.001937985420227
2.7240283489227295,-0.24724642932415009,-1.0010613203048706,0.002312738448381424,-0.002231929451227188,-0.9999063611030579
2.7245876789093018,-0.2511366903781891,-1.0021257400512695,0.0004793331027030945,0.006684314459562302,-0.9973242282867432
2.7266132831573486,-0.2517848014831543,-1.0043481588363647,-0.0021175872534513474,0.0065886713564395905,-0.9960271120071411
2.7279999256134033,-0.24852296710014343,-1.0018924474716187,-0.002209814265370369,9.556114673614502e-05,-0.9969822764396667
2.726675271987915,-0.23956890404224396,-1.0002015829086304,-0.00482625886797905,-0.007077379152178764,-0.9950586557388306
2.731490135192871,-0.24171525239944458,-1.0001164674758911,-0.004989681765437126,-0.016626833006739616,-0.9892977476119995
2.7331249713897705,-0.25118592381477356,-1.0020627975463867,-0.009192690253257751,-0.01506602019071579,-0.9869541525840759
2.731243848800659,-0.26246145367622375,-1.0041214227676392,-0.007932586595416069,-0.00887334905564785,-0.9894620180130005
2.7319865226745605,-0.27192774415016174,-1.0040383338928223,-0.0015957262367010117,-0.0026320181787014008,-0.9917445778846741
2.7375500202178955,-0.28293150663375854,-1.0045161247253418,-0.004042040556669235,0.00806296244263649,-0.9944899082183838
2.7431249618530273,-0.2923237979412079,-1.006258249282837,-0.004351658746600151,0.00932244211435318,-0.9975622892379761
2.742922782897949,-0.2917023301124573,-1.008156657218933,0.00013444945216178894,0.0046950094401836395,-1.000443696975708
2.7338578701019287,-0.27872106432914734,-1.0080918073654175,0.005908302962779999,-0.0010318346321582794,-1.0000840425491333
2.7317798137664795,-0.2633170187473297,-1.0078110694885254,0.007375750690698624,-0.0006627775728702545,-0.9979351758956909
2.7337300777435303,-0.254753440618515,-1.0020087957382202,0.004062240943312645,0.005226060748100281,-0.9949314594268799
2.7320339679718018,-0.2504167854785919,-0.9990800023078918,-0.0067159999161958694,0.018191806972026825,-0.9937482476234436
2.726975440979004,-0.2495855838060379,-0.9964179396629333,-0.01219681091606617,0.020722024142742157,-0.9937322735786438
2.720921039581299,-0.2547086775302887,-0.9984310269355774,-0.0180775448679924,0.01772094890475273,-0.9967418909072876
2.723076105117798,-0.2627057135105133,-0.99986732006073,-0.027371108531951904,0.019697248935699463,-0.9992287158966064
2.724928617477417,-0.25455063581466675,-1.0000439882278442,-0.03045060858130455,0.021890070289373398,-1.003644347190857
2.7242138385772705,-0.2426626831293106,-0.9997727274894714,-0.03490740433335304,0.021991852670907974,-1.0030152797698975
2.720273017883301,-0.2417137324810028,-0.9966648817062378,-0.03872811794281006,0.024843476712703705,-0.998681902885437
2.7174015045166016,-0.2429846227169037,-0.9954187870025635,-0.04203519970178604,0.02933333069086075,-0.9982511401176453
2.714029550552368,-0.29679086804389954,-0.9934061169624329,-0.033056341111660004,0.027417000383138657,-0.9979522228240967
2.7144827842712402,-0.3833996057510376,-0.9917137622833252,-0.015408865176141262,0.017867855727672577,-0.9981746673583984
2.7072412967681885,-0.44330692291259766,-0.9927369952201843,-0.0005387105047702789,0.01249353215098381,-0.9998597502708435
2.6997315883636475,-0.4801439046859741,-0.992794930934906,0.003323245793581009,0.019407231360673904,-1.000516414642334
2.7073371410369873,-0.4890953302383423,-0.9959065318107605,0.004268227145075798,0.021596811711788177,-1.0026745796203613
2.7124226093292236,-0.48917001485824585,-1.000422716140747,0.0013563670217990875,0.0149146169424057,-1.0054504871368408
2.710209369659424,-0.4884597063064575,-1.006347417831421,-0.009850196540355682,0.007851146161556244,-1.0057214498519897
2.709170341491699,-0.486027330160141,-1.005807876586914,-0.015896743163466454,0.00407002866268158,-1.0057491064071655
2.716193914413452,-0.49401789903640747,-1.0051919221878052,-0.014070084318518639,-0.0014102570712566376,-1.0059131383895874
2.7210540771484375,-0.5099671483039856,-1.00375497341156,-0.012036837637424469,-0.00304572656750679,-1.0028456449508667
2.722930669784546,-0.49755820631980896,-1.0041203498840332,-0.014332784339785576,0.005326844751834869,-1.0008996725082397
2.7312262058258057,-0.4924565553665161,-1.003129482269287,-0.018387552350759506,0.009617064148187637,-1.0011416673660278
2.737743616104126,-0.50002121925354,-1.0027515888214111,-0.019763411954045296,0.015040870755910873,-0.9998618960380554
2.739530086517334,-0.5049774050712585,-1.0008538961410522,-0.01748717948794365,0.011087547987699509,-0.9983403086662292
2.7417049407958984,-0.49417662620544434,-0.9978664517402649,-0.015421988442540169,0.004897233098745346,-0.9961218237876892
2.743117332458496,-0.48766857385635376,-0.9969850182533264,-0.01634177193045616,0.0007298029959201813,-0.997454822063446
2.7345664501190186,-0.4934283494949341,-0.9951134920120239,-0.01729356124997139,-0.00029934942722320557,-0.997746467590332
2.7348105907440186,-0.5020957589149475,-0.9940235614776611,-0.0148016307502985,-0.004844309762120247,-0.9984104633331299
2.741267681121826,-0.5079292058944702,-0.9948562383651733,-0.013587530702352524,-0.011784376576542854,-0.9969412684440613
2.7421767711639404,-0.5183355212211609,-0.9961278438568115,-0.013559985905885696,-0.0173862986266613,-0.9942665100097656
2.745171308517456,-0.5184248089790344,-0.9956863522529602,-0.013266041874885559,-0.018618084490299225,-0.9928916692733765
2.74442195892334,-0.50797039270401,-0.9943308234214783,-0.013262622058391571,-0.01197676733136177,-0.9927287101745605
2.7486166954040527,-0.49503836035728455,-0.9943718314170837,-0.013195231556892395,-0.0055319927632808685,-0.9964302778244019
2.750497817993164,-0.4861118495464325,-0.9986869692802429,-0.01710369437932968,0.004092015326023102,-0.999236524105072
2.746190071105957,-0.48268765211105347,-0.9991326928138733,-0.02095595747232437,0.018441397696733475,-1.00032639503479
2.743610382080078,-0.479410320520401,-0.9979638457298279,-0.0231957845389843,0.02508828043937683,-0.9986963272094727
2.7416863441467285,-0.48214781284332275,-0.9998295307159424,-0.02401767298579216,0.025194181129336357,-0.9969660639762878
2.734758138656616,-0.49208688735961914,-1.0003055334091187,-0.018144987523555756,0.02449779212474823,-0.9938383102416992
2.724679946899414,-0.48997777700424194,-1.002038598060608,-0.012199753895401955,0.019420195370912552,-0.9924788475036621
2.7151827812194824,-0.4826325476169586,-1.0040220022201538,-0.003950942307710648,0.009961619973182678,-0.9953097105026245
2.713007688522339,-0.483280211687088,-1.0046087503433228,0.00209851935505867,0.006762351840734482,-0.9981687664985657
2.711609363555908,-0.49497371912002563,-1.006072759628296,0.0008527748286724091,0.003775347024202347,-0.9990627765655518
2.7132225036621094,-0.5045399069786072,-1.005156397819519,0.002425089478492737,-0.0007026456296443939,-0.9990888833999634
2.722006320953369,-0.5143758654594421,-1.0028609037399292,0.002351481467485428,-0.001699540764093399,-0.9974889755249023
2.7263288497924805,-0.5583633780479431,-0.9995228052139282,0.00608237087726593,-0.0004440527409315109,-0.9968158006668091
2.720797300338745,-0.6307964324951172,-0.9954230785369873,0.008496999740600586,-0.002243993803858757,-0.9962077736854553
2.720350742340088,-0.6757639050483704,-0.9979612827301025,0.057190775871276855,-0.014896959066390991,-1.00124990940094
2.717729330062866,-0.6964737772941589,-1.0003764629364014,0.3571983277797699,-0.08898177742958069,-0.9900360703468323
2.7228143215179443,-0.7107864022254944,-1.0006359815597534,0.019695043563842773,-0.0668104887008667,0.018445491790771484
2.7282562255859375,-0.7199151515960693,-0.9990791082382202,0.025275517255067825,-0.05025582015514374,-0.0028729401528835297
2.73293137550354,-0.7322949767112732,-1.0002543926239014,0.02368387207388878,-0.04198243468999863,-0.009654460474848747
2.739557981491089,-0.7437983751296997,-1.0015510320663452,0.018534783273935318,-0.037853121757507324,-0.011153746396303177
2.7454993724823,-0.7460894584655762,-1.0044199228286743,0.011964518576860428,-0.03558887541294098,-0.010981393977999687
2.7440013885498047,-0.7469053268432617,-1.0029611587524414,0.005524490028619766,-0.0344313308596611,-0.010282564908266068
2.739473581314087,-0.7460207343101501,-1.0029691457748413,-0.0001887492835521698,-0.03393940627574921,-0.009408969432115555
2.7365047931671143,-0.7400692701339722,-1.0036704540252686,-0.005159873515367508,-0.03382453694939613,-0.008554462343454361
2.731674909591675,-0.7334551215171814,-1.0033526420593262,-0.009319953620433807,-0.03386983647942543,-0.007705019786953926
2.729581832885742,-0.7312180995941162,-1.0014362335205078,-0.012821853160858154,-0.03402278944849968,-0.006955847144126892
2.737656831741333,-0.7372830510139465,-1.0021777153015137,-0.01593565009534359,-0.03415391966700554,-0.006166456267237663
2.7293872833251953,-0.7376928329467773,-0.9993253350257874,-0.018620241433382034,-0.03429626673460007,-0.005430363118648529
2.727036952972412,-0.747944712638855,-0.9943261742591858,-0.02109144628047943,-0.03434685245156288,-0.004659505560994148
2.7258293628692627,-0.7178671360015869,-1.0023773908615112,-0.023175103589892387,-0.03432949632406235,-0.00391438789665699
2.723987579345703,-0.7050448060035706,-1.003599762916565,-0.025022288784384727,-0.03434620797634125,-0.003208400681614876
2.7220327854156494,-0.7015215158462524,-1.0020443201065063,-0.026573453098535538,-0.034409865736961365,-0.002650441601872444
2.7225840091705322,-0.7063738703727722,-0.9976056218147278,-0.0278159286826849,-0.0345781147480011,-0.0022250711917877197
2.724193811416626,-0.722064197063446,-0.9984143972396851,-0.028861206024885178,-0.03465639799833298,-0.0017948020249605179
2.7265541553497314,-0.7366406321525574,-0.998715877532959,-0.02980048581957817,-0.03472934663295746,-0.0013408046215772629
2.7286148071289062,-0.7398611307144165,-1.0013508796691895,-0.03056556172668934,-0.034797292202711105,-0.0009569153189659119
2.7250263690948486,-0.7437140941619873,-1.000189185142517,-0.03108757734298706,-0.034862447530031204,-0.0005413219332695007
2.7266061305999756,-0.7530571222305298,-1.0010263919830322,-0.03131096065044403,-0.034898046404123306,-0.00020639970898628235
2.727630853652954,-0.749198317527771,-1.0011063814163208,-0.03144361078739166,-0.03493165969848633,9.833648800849915e-05
2.7310380935668945,-0.7354969382286072,-1.0025651454925537,-0.031389664858579636,-0.03500079736113548,0.0003704652190208435
2.7356176376342773,-0.7255416512489319,-1.0039572715759277,-0.031177781522274017,-0.035029809921979904,0.0006403513252735138
2.733959674835205,-0.7267075181007385,-1.0053181648254395,-0.031069163233041763,-0.034942470490932465,0.0008574426174163818
2.7241671085357666,-0.7382903099060059,-1.000652551651001,-0.031146829947829247,-0.03480525314807892,0.0011231806129217148
2.714487075805664,-0.7415930032730103,-1.0026941299438477,-0.03130578622221947,-0.03466888144612312,0.0014416016638278961
2.708547830581665,-0.7291668653488159,-1.0030709505081177,-0.031454164534807205,-0.034531913697719574,0.001722516492009163
2.7104036808013916,-0.731826663017273,-1.003730297088623,-0.03145140781998634,-0.03437580540776253,0.0018534958362579346
2.7180140018463135,-0.7416585087776184,-1.0006494522094727,-0.03121839463710785,-0.034285176545381546,0.0019055940210819244
2.7222907543182373,-0.7379249930381775,-1.0020952224731445,-0.031001795083284378,-0.034309424459934235,0.0019708778709173203
2.726001739501953,-0.7327325940132141,-1.001457929611206,-0.030935870483517647,-0.03442050516605377,0.0021314918994903564
2.722215414047241,-0.721814751625061,-1.0003705024719238,-0.030985301360487938,-0.03445228561758995,0.0022982005029916763
2.720388412475586,-0.7121803760528564,-0.9993219971656799,-0.03108823113143444,-0.03447708487510681,0.0024109501391649246
2.7223269939422607,-0.7078136205673218,-0.9990281462669373,-0.031052347272634506,-0.034466952085494995,0.0024612918496131897
2.720513105392456,-0.7127336263656616,-0.9982545375823975,-0.030930398032069206,-0.034418828785419464,0.0024402663111686707
2.732156991958618,-0.7158191204071045,-0.9996461868286133,-0.030859144404530525,-0.0344129353761673,0.002423865720629692
2.8014540672302246,-0.7163068056106567,-0.9981571435928345,-0.030815748497843742,-0.034402035176754,0.0023782122880220413
2.8678300380706787,-0.7235151529312134,-1.0011742115020752,-0.03073851391673088,-0.0343802273273468,0.0023918133229017258
2.9162375926971436,-0.7332934141159058,-1.0023716688156128,-0.030795076861977577,-0.03435622900724411,0.002413904294371605
2.9454095363616943,-0.7402545213699341,-1.0006576776504517,-0.03095421753823757,-0.03434133529663086,0.0024346504360437393
2.9640450477600098,-0.7371681332588196,-0.998616635799408,-0.031000129878520966,-0.03428197652101517,0.0025066696107387543
2.970703125,-0.7284969687461853,-0.9990098476409912,-0.030980926007032394,-0.03419870883226395,0.002645215019583702
2.9715065956115723,-0.721265435218811,-0.9987767934799194,-0.031011296436190605,-0.03411002457141876,0.0027229897677898407
2.9781408309936523,-0.7234152555465698,-1.0000911951065063,-0.0310316551476717,-0.034026093780994415,0.0026865154504776
2.9824020862579346,-0.7350292205810547,-1.0029349327087402,-0.03105291724205017,-0.033986419439315796,0.0026750732213258743
2.977010488510132,-0.7437723278999329,-1.0032882690429688,-0.03107241354882717,-0.03393501043319702,0.0027183666825294495
2.9746313095092773,-0.73628830909729,-1.0006636381149292,-0.031177762895822525,-0.03382033109664917,0.002807650715112686
2.970686197280884,-0.712938666343689,-0.9985219240188599,-0.031272225081920624,-0.0338006466627121,0.002869626507163048
2.9683706760406494,-0.7057175636291504,-0.9957845211029053,-0.031340889632701874,-0.03381921350955963,0.002932816743850708
2.967102289199829,-0.7098581194877625,-0.9909724593162537,-0.031298696994781494,-0.03377547487616539,0.002955671399831772
2.9702870845794678,-0.7310324907302856,-0.9892500042915344,-0.031246138736605644,-0.0337853766977787,0.0029163863509893417
2.977614402770996,-0.7433332800865173,-0.9941484928131104,-0.031218446791172028,-0.03385942056775093,0.0028732027858495712
2.982393503189087,-0.7481377124786377,-0.9993957281112671,-0.031237997114658356,-0.03384418040513992,0.0028322339057922363
2.981240749359131,-0.7452201247215271,-0.9800704121589661,-0.031056109815835953,-0.03378763049840927,0.0027949921786785126
2.9786548614501953,-0.7426251173019409,-0.8752578496932983,-0.030749082565307617,-0.03373052179813385,0.00278589129447937
2.9753971099853516,-0.7405683994293213,-0.6666744947433472,-0.030638981610536575,-0.03369404748082161,0.0027816519141197205
2.9723427295684814,-0.7278640866279602,-0.4216145873069763,-0.03061855211853981,-0.033667340874671936,0.002750704064965248
2.9778459072113037,-0.7240683436393738,-0.16648294031620026,-0.03062920831143856,-0.033684130758047104,0.0027928855270147324
2.967351198196411,-0.7343395948410034,0.08371511101722717,-0.03069956973195076,-0.03365403786301613,0.002926846966147423
2.9397051334381104,-0.7335755825042725,0.09744102507829666,-0.030936963856220245,-0.033575333654880524,0.003071429207921028
2.917696714401245,-0.7353822588920593,0.095754474401474,-0.03125624358654022,-0.03351576626300812,0.00311933271586895
2.8952856063842773,-0.7414923906326294,0.09944462776184082,-0.03159016743302345,-0.033489890396595,0.003102673217654228
2.8746438026428223,-0.7511579990386963,0.10715819895267487,-0.031854238361120224,-0.03350287675857544,0.0030835438519716263
2.854459762573242,-0.7647584080696106,0.11627233028411865,-0.032107267528772354,-0.0335199348628521,0.003109961748123169
2.837350368499756,-0.781450629234314,0.12299346178770065,-0.032313987612724304,-0.03349621593952179,0.003135392442345619
2.821702718734741,-0.8018346428871155,0.1268138885498047,-0.032502610236406326,-0.033436574041843414,0.003094693645834923
2.8075406551361084,-0.8257675170898438,0.12784364819526672,-0.03278099745512009,-0.0333842933177948,0.0030636806041002274
2.7941744327545166,-0.8537830710411072,0.1267690509557724,-0.03308558464050293,-0.03332987800240517,0.003089435398578644
2.782284736633301,-0.8834309577941895,0.12491780519485474,-0.03318610414862633,-0.033298738300800323,0.003133269026875496
2.7707221508026123,-0.9178824424743652,0.12270266562700272,-0.033136580139398575,-0.033345501869916916,0.00316762737929821
2.7596449851989746,-0.9559815526008606,0.12066201865673065,-0.03294514864683151,-0.03339232876896858,0.0031854920089244843
2.7486324310302734,-0.9986933469772339,0.11903277039527893,-0.03285974636673927,-0.03334833309054375,0.0032301191240549088
2.738696813583374,-1.0425357818603516,0.11799789220094681,-0.0329870879650116,-0.0332719162106514,0.003252662718296051
2.728851795196533,-1.0918749570846558,0.11723785102367401,-0.03315884247422218,-0.0332634337246418,0.003239443525671959
2.7198169231414795,-1.1439789533615112,0.11665390431880951,-0.03332469239830971,-0.03330380469560623,0.0032058358192443848
2.7113842964172363,-1.2011163234710693,0.11616003513336182,-0.033438343554735184,-0.03334682807326317,0.0031697452068328857
2.703991413116455,-1.2610195875167847,0.11570625007152557,-0.03350435569882393,-0.033373430371284485,0.003198040649294853
2.6972663402557373,-1.328762173652649,0.11535508185625076,-0.03358864784240723,-0.03334099426865578,0.0032856129109859467
2.6921637058258057,-1.395202398300171,0.1150960773229599,-0.03366200253367424,-0.03337157145142555,0.00338602252304554
0.0,0.0,0.1148250624537468,-0.03366996347904205,-0.03345278650522232,0.0033896546810865402
0.0,0.0,0.11456333100795746,-0.03350304812192917,-0.03358898684382439,0.0032622776925563812
0.0,0.0,0.11433640122413635,-0.033320385962724686,-0.033690765500068665,0.003181086853146553
0.0,0.0,0.11413466185331345,-0.033249855041503906,-0.03371866047382355,0.0031387098133563995
0.8555070161819458,-0.6780740022659302,0.09207998961210251,-0.03329409286379814,-0.03370114415884018,0.0031952951103448868
-0.08748650550842285,-0.15252277255058289,0.057836614549160004,-0.033387791365385056,-0.03374457359313965,0.0032340995967388153
-0.508167564868927,0.08631720393896103,0.02919023670256138,-0.033362388610839844,-0.03378911316394806,0.0032184794545173645
-0.6017246842384338,0.16385070979595184,0.010153330862522125,-0.03324396535754204,-0.033895984292030334,0.003159092739224434
-0.4985668659210205,0.1575048565864563,-0.002158431801944971,-0.03309812396764755,-0.033960819244384766,0.003110155463218689
-0.3462532162666321,0.12376071512699127,-0.009984631091356277,-0.03304264321923256,-0.03404177725315094,0.003065582364797592
-0.2315589189529419,0.09195952862501144,-0.015509127639234066,-0.032997388392686844,-0.0340876430273056,0.0030246153473854065
-0.16544437408447266,0.06975826621055603,-0.01943741925060749,-0.03300781548023224,-0.034128058701753616,0.0029272790998220444
-0.12435615062713623,0.052353568375110626,-0.02289712056517601,-0.03312559425830841,-0.03416323661804199,0.0029191002249717712
-0.10233235359191895,0.03997982293367386,-0.02560972236096859,-0.033164627850055695,-0.03419571369886398,0.0029968805611133575
-0.08926229178905487,0.030455388128757477,-0.027906261384487152,-0.03316933661699295,-0.03430701047182083,0.003104260191321373
-0.08156207203865051,0.02293282188475132,-0.029772408306598663,-0.033320583403110504,-0.034448664635419846,0.0031260624527931213
-0.07647442072629929,0.01660042256116867,-0.031143445521593094,-0.03343571349978447,-0.034521445631980896,0.003134286031126976
-0.07286453247070312,0.01132381334900856,-0.03209608048200607,-0.033450931310653687,-0.034486040472984314,0.003148762509226799
-0.0697057843208313,0.006459221243858337,-0.03298715502023697,-0.03357970714569092,-0.03448150306940079,0.003059353679418564
-0.06689058244228363,0.0020877495408058167,-0.03368699923157692,-0.03365262970328331,-0.034508805721998215,0.002958158031105995
