      0/54     1.74G   0.06731   0.01432   0.01264   0.09428        13       640    0.1066    0.5714    0.1068   0.02569   0.05082   0.01161  0.006757
      1/54     12.5G   0.05684   0.01053  0.004479   0.07184        24       640     0.443    0.4224    0.3688    0.1146   0.05484  0.009743  0.003882
      2/54     14.3G   0.04977  0.008353  0.001738   0.05986        22       640    0.8939    0.9068    0.9444    0.5918   0.03791  0.007984  0.002042
      3/54     14.3G   0.04874   0.00764  0.001923    0.0583        24       640    0.4048    0.4688    0.3765    0.1348   0.04438  0.008269  0.002627
      4/54     14.3G   0.05058  0.007609  0.002433   0.06063        21       640    0.5538    0.6708    0.5814    0.2507    0.0476  0.008195  0.002524
      5/54     14.3G   0.04983  0.008026  0.001801   0.05966        18       640 0.0008735    0.2857  0.000255 3.534e-05   0.08364    0.3927  0.005871
      6/54     14.3G   0.05292  0.007869  0.001484   0.06227        23       640    0.1264    0.3975   0.09674   0.03737   0.04881   0.01859  0.003188
      7/54     14.3G   0.04842  0.007456 0.0009274    0.0568        15       640    0.2009    0.2484    0.1161   0.04334   0.04694  0.009464  0.002349
      8/54     14.3G   0.04913  0.007331 0.0008895   0.05735        21       640    0.4036    0.3909    0.3559     0.144   0.05374  0.008164  0.001988
      9/54     14.3G   0.05065   0.00712 0.0008378   0.05861        14       640    0.6036    0.5012    0.4987    0.2499   0.06281  0.006034   0.03218
     10/54     14.3G   0.05246  0.006873   0.00075   0.06008        25       640 0.0007761    0.2174 0.0001727 5.066e-05   0.08301    0.3491   0.06536
     11/54     14.3G   0.04495   0.00658 0.0004991   0.05203        13       640    0.9175    0.9006    0.9611    0.5914   0.03374  0.006179   0.00138
     12/54     14.3G   0.04018  0.006821 0.0004228   0.04742        27       640    0.9578    0.8634    0.9313     0.677   0.02977  0.006085  0.001186
     13/54     14.3G   0.04358  0.006973 0.0003651   0.05091        22       640    0.1472     0.441    0.1242   0.02492   0.05041  0.008261  0.001178
     14/54     14.3G   0.04022  0.006673   0.00028   0.04717        18       640   0.09866    0.1429   0.02878   0.01122   0.04851   0.01021  0.001059
     15/54     14.3G   0.03686  0.006532 0.0002079    0.0436        13       640    0.7999    0.8691    0.9104    0.5418   0.03489  0.006014 0.0007463
     16/54     14.3G   0.04031  0.006003 0.0002269   0.04654        17       640    0.8709    0.8509    0.8825    0.5814   0.03315  0.005563   0.00066
     17/54     14.3G   0.04115  0.005854 0.0001291   0.04713        21       640    0.9578    0.8634    0.9598    0.7246   0.03402  0.004588 0.0005818
     18/54     14.3G   0.03292  0.005868 0.0001332   0.03892        21       640   0.03283    0.1988   0.01658  0.008093   0.04154   0.01465 0.0007482
     19/54     14.3G   0.03662  0.005799 0.0001316   0.04255        24       640    0.9123    0.9068    0.9533    0.6902   0.03187  0.004883 0.0006425
     20/54     14.3G   0.03401  0.005732 9.934e-05   0.03984        16       640    0.9608    0.9379    0.9752    0.7249   0.03207   0.00464 0.0004712
     21/54     14.3G   0.03725  0.005431 0.0001008   0.04278        22       640    0.9793     0.882     0.963    0.7546   0.03108     0.005 0.0004616
     22/54     14.3G   0.03524  0.005488 8.183e-05   0.04081        13       640    0.9512    0.9689    0.9795    0.7765   0.02984  0.004638 0.0004655
     23/54     14.3G   0.03392  0.005418 7.579e-05   0.03941        12       640    0.9681    0.9435    0.9845     0.801   0.02824  0.004441 0.0004254
     24/54     14.3G   0.02877  0.005208 6.901e-05   0.03405        17       640    0.9298    0.9873     0.983    0.8078    0.0243  0.004706 0.0004261
     25/54     14.3G   0.03512  0.005125 7.329e-05   0.04032        26       640    0.9293    0.9814    0.9893    0.8044   0.02439  0.004673 0.0004183
     26/54     14.3G   0.03233  0.004949 7.413e-05   0.03735        18       640    0.8266     0.888    0.9186    0.6605   0.02991  0.005407 0.0003532
     27/54     14.3G   0.03565   0.00536 6.435e-05   0.04108        16       640    0.9512    0.9689    0.9774    0.8375   0.02237  0.004575 0.0003768
     28/54     14.3G   0.02817  0.005239 5.693e-05   0.03347        16       640    0.9296    0.9876    0.9887    0.8119   0.02528  0.004313 0.0003818
     29/54     14.3G   0.03606  0.005257 7.814e-05   0.04139        21       640    0.9461    0.9814    0.9884    0.8375   0.02875  0.003551 0.0003553
     30/54     14.3G    0.0348  0.005073 7.339e-05   0.03994        20       640    0.9471    0.9999    0.9912    0.8418   0.02903  0.003616 0.0003358
     31/54     14.3G    0.0278  0.005087 7.759e-05   0.03296        22       640    0.9691    0.9751    0.9917    0.8184   0.03078  0.003639  0.000343
     32/54     14.3G   0.03578  0.005014 0.0003104    0.0411        19       640     0.963    0.9689    0.9904    0.8165   0.03082  0.003983  0.000354
     33/54     14.3G   0.03344  0.005098 6.953e-05    0.0386        14       640     0.957    0.9687    0.9885    0.8437   0.02898   0.00383 0.0003269
     34/54     14.3G   0.03262  0.004959 9.513e-05   0.03768        21       640    0.9521    0.9871    0.9901    0.8321   0.02975  0.003597 0.0003066
     35/54     14.3G   0.02926  0.004828 5.632e-05   0.03415        18       640    0.9627    0.9627    0.9885    0.8497   0.02545  0.004053 0.0003119
     36/54     14.3G   0.02399  0.004837 4.148e-05   0.02887        19       640    0.9512    0.9689     0.982    0.8421   0.02341  0.004156  0.000297
     37/54     14.3G   0.02589  0.004874 3.768e-05    0.0308        17       640    0.9405    0.9812    0.9876    0.8582   0.02263    0.0041 0.0002804
     38/54     14.3G   0.02627  0.004588 4.443e-05    0.0309        16       640    0.9523    0.9938    0.9906    0.8674   0.02571  0.003776 0.0002637
     39/54     14.3G   0.03114  0.004679 3.956e-05   0.03586        13       640    0.9519    0.9876    0.9907    0.8612   0.02403  0.004163 0.0002631
     40/54     14.3G   0.02641  0.004814 3.857e-05   0.03126        18       640    0.9636    0.9876     0.992    0.8559   0.02392  0.004022 0.0002591
     41/54     14.3G   0.02983  0.004756  4.33e-05   0.03463        17       640    0.9697    0.9938    0.9935    0.8699   0.02262  0.004053 0.0002383
     42/54     14.3G   0.02248   0.00446 3.397e-05   0.02698        14       640    0.9695    0.9874    0.9908     0.863   0.02291  0.003979 0.0002255
     43/54     14.3G   0.02746  0.004557 4.321e-05   0.03206        17       640    0.9752    0.9814    0.9912    0.8843   0.02096  0.004042 0.0002189
     44/54     14.3G   0.02543   0.00455 3.883e-05   0.03002        17       640    0.9471    0.9999    0.9911    0.8587   0.02463  0.003728 0.0002126
     45/54     14.3G   0.03145  0.004535 4.655e-05   0.03603        20       640    0.9638    0.9938    0.9915    0.8657   0.02622  0.003664 0.0002155
     46/54     14.3G   0.02798  0.004441 5.328e-05   0.03247        31       640    0.9467    0.9937    0.9899    0.8711   0.02675  0.003554 0.0002034
     47/54     14.3G   0.02661  0.004486 4.159e-05   0.03113        17       640    0.9634    0.9814    0.9896    0.8724   0.02458  0.003734 0.0002035
     48/54     14.3G   0.02599  0.004537 4.005e-05   0.03057        17       640    0.9636    0.9876     0.986    0.8624   0.02199   0.00414 0.0001998
     49/54     14.3G   0.02479  0.004353 3.741e-05   0.02918        14       640    0.9641         1    0.9915    0.8778   0.02224  0.003946 0.0001919
     50/54     14.3G   0.02446  0.004548 3.675e-05   0.02904        19       640    0.9631    0.9752    0.9902    0.8774   0.02047     0.004 0.0001942
     51/54     14.3G   0.02376  0.004365 3.612e-05   0.02816        26       640    0.9811    0.9689    0.9909    0.8864   0.02166  0.003815 0.0001853
     52/54     14.3G   0.02414  0.004384 3.408e-05   0.02856        20       640    0.9527    0.9999    0.9919    0.8764   0.01933  0.003986  0.000179
     53/54     14.3G   0.02481  0.004252  3.32e-05   0.02909        28       640    0.9527         1    0.9922     0.885   0.01997  0.003994 0.0001862
     54/54     14.3G   0.02459  0.004254 3.534e-05   0.02888        22       640    0.9415         1    0.9887    0.8863   0.02059  0.003991 0.0001958
